Controller Server:
0	0.09316809	0.09316809	0.52746809	0.4343
1	0.186336179	0.52746809	0.96176809	0.4343
2	0.279504269	0.96176809	1.39606809	0.4343
3	0.372672359	1.39606809	1.83036809	0.4343
4	0.465840449	1.83036809	2.26466809	0.4343
0	0.09316809	2.26466809	2.47776809	0.2131
5	0.559008538	2.47776809	2.91206809	0.4343
6	0.652176628	2.91206809	3.34636809	0.4343
7	0.745344718	3.34636809	3.78066809	0.4343
8	0.838512808	3.78066809	4.21496809	0.4343
9	0.931680897	4.21496809	4.64926809	0.4343
10	1.024848987	4.64926809	5.08356809	0.4343
11	1.118017077	5.08356809	5.51786809	0.4343
12	1.211185167	5.51786809	5.95216809	0.4343
13	1.304353256	5.95216809	6.38646809	0.4343
14	1.397521346	6.38646809	6.82076809	0.4343
15	1.490689436	6.82076809	7.25506809	0.4343
16	1.583857526	7.25506809	7.68936809	0.4343
17	1.677025615	7.68936809	8.12366809	0.4343
18	1.770193705	8.12366809	8.55796809	0.4343
19	1.863361795	8.55796809	8.99226809	0.4343
20	1.956529885	8.99226809	9.42656809	0.4343
21	2.049697974	9.42656809	9.86086809	0.4343
22	2.142866064	9.86086809	10.29516809	0.4343
23	2.236034154	10.29516809	10.72946809	0.4343
4	0.465840449	10.72946809	11.06376809	0.3343
24	2.329202244	11.06376809	11.49806809	0.4343
25	2.422370333	11.49806809	11.93236809	0.4343
26	2.515538423	11.93236809	12.36666809	0.4343
27	2.608706513	12.36666809	12.80096809	0.4343
28	2.701874603	12.80096809	13.23526809	0.4343
29	2.795042692	13.23526809	13.66956809	0.4343
30	2.888210782	13.66956809	14.10386809	0.4343
31	2.981378872	14.10386809	14.53816809	0.4343
32	3.074546962	14.53816809	14.97246809	0.4343
33	3.167715051	14.97246809	15.40676809	0.4343
34	3.260883141	15.40676809	15.84106809	0.4343
35	3.354051231	15.84106809	16.27536809	0.4343
36	3.447219321	16.27536809	16.70966809	0.4343
37	3.54038741	16.70966809	17.14396809	0.4343
38	3.6335555	17.14396809	17.57826809	0.4343
39	3.72672359	17.57826809	18.01256809	0.4343
40	3.81989168	18.01256809	18.44686809	0.4343
41	3.913059769	18.44686809	18.88116809	0.4343
42	4.006227859	18.88116809	19.31546809	0.4343
43	4.099395949	19.31546809	19.74976809	0.4343
44	4.192564039	19.74976809	20.18406809	0.4343
8	0.838512808	20.18406809	20.51836809	0.3343
45	4.285732128	20.51836809	20.95266809	0.4343
46	4.378900218	20.95266809	21.38696809	0.4343
47	4.472068308	21.38696809	21.82126809	0.4343
48	4.565236398	21.82126809	22.25556809	0.4343
49	4.658404487	22.25556809	22.68986809	0.4343
50	4.751572577	22.68986809	23.12416809	0.4343
51	4.844740667	23.12416809	23.55846809	0.4343
52	4.937908757	23.55846809	23.99276809	0.4343
53	5.031076846	23.99276809	24.42706809	0.4343
54	5.124244936	24.42706809	24.86136809	0.4343
55	5.217413026	24.86136809	25.29566809	0.4343
56	5.310581116	25.29566809	25.72996809	0.4343
57	5.403749205	25.72996809	26.16426809	0.4343
58	5.496917295	26.16426809	26.59856809	0.4343
11	1.118017077	26.59856809	26.92176809	0.3232
59	5.590085385	26.92176809	27.35606809	0.4343
60	5.683253475	27.35606809	27.79036809	0.4343
61	5.776421564	27.79036809	28.22466809	0.4343
62	5.869589654	28.22466809	28.65896809	0.4343
63	5.962757744	28.65896809	29.09326809	0.4343
64	6.055925834	29.09326809	29.52756809	0.4343
65	6.149093923	29.52756809	29.96186809	0.4343
66	6.242262013	29.96186809	30.39616809	0.4343
67	6.335430103	30.39616809	30.83046809	0.4343
68	6.428598193	30.83046809	31.26476809	0.4343
69	6.521766282	31.26476809	31.69906809	0.4343
70	6.614934372	31.69906809	32.13336809	0.4343
71	6.708102462	32.13336809	32.56766809	0.4343
72	6.801270552	32.56766809	33.00196809	0.4343
73	6.894438641	33.00196809	33.43626809	0.4343
74	6.987606731	33.43626809	33.87056809	0.4343
75	7.080774821	33.87056809	34.30486809	0.4343
76	7.173942911	34.30486809	34.73916809	0.4343
77	7.267111	34.73916809	35.17346809	0.4343
78	7.36027909	35.17346809	35.60776809	0.4343
79	7.45344718	35.60776809	36.04206809	0.4343
80	7.54661527	36.04206809	36.47636809	0.4343
81	7.639783359	36.47636809	36.91066809	0.4343
82	7.732951449	36.91066809	37.34496809	0.4343
83	7.826119539	37.34496809	37.77926809	0.4343
84	7.919287629	37.77926809	38.21356809	0.4343
85	8.012455718	38.21356809	38.64786809	0.4343
86	8.105623808	38.64786809	39.08216809	0.4343
87	8.198791898	39.08216809	39.51646809	0.4343
88	8.291959988	39.51646809	39.95076809	0.4343
89	8.385128077	39.95076809	40.38506809	0.4343
90	8.478296167	40.38506809	40.81936809	0.4343
91	8.571464257	40.81936809	41.25366809	0.4343
92	8.664632347	41.25366809	41.68796809	0.4343
93	8.757800436	41.68796809	42.12226809	0.4343
94	8.850968526	42.12226809	42.55656809	0.4343
95	8.944136616	42.55656809	42.99086809	0.4343
96	9.037304706	42.99086809	43.42516809	0.4343
97	9.130472795	43.42516809	43.85946809	0.4343
98	9.223640885	43.85946809	44.29376809	0.4343
99	9.316808975	44.29376809	44.72806809	0.4343
20	1.956529885	44.72806809	45.06236809	0.3343
29	2.795042692	45.06236809	45.39666809	0.3343
31	2.981378872	45.39666809	45.73096809	0.3343
35	3.354051231	45.73096809	46.06526809	0.3343
43	4.099395949	46.06526809	46.39956809	0.3343
47	4.472068308	46.39956809	46.61266809	0.2131
48	4.565236398	46.61266809	46.94696809	0.3343
49	4.658404487	46.94696809	47.16006809	0.2131
54	5.124244936	47.16006809	47.48326809	0.3232
59	5.590085385	47.48326809	47.80646809	0.3232
64	6.055925834	47.80646809	48.12966809	0.3232
66	6.242262013	48.12966809	48.45286809	0.3232
67	6.335430103	48.45286809	48.78716809	0.3343
68	6.428598193	48.78716809	49.12146809	0.3343
69	6.521766282	49.12146809	49.33456809	0.2131
70	6.614934372	49.33456809	49.66886809	0.3343
71	6.708102462	49.66886809	50.00316809	0.3343
72	6.801270552	50.00316809	50.32636809	0.3232
76	7.173942911	50.32636809	50.66066809	0.3343
78	7.36027909	50.66066809	50.99496809	0.3343
79	7.45344718	50.99496809	51.31816809	0.3232
81	7.639783359	51.31816809	51.64136809	0.3232
86	8.105623808	51.64136809	51.96456809	0.3232
88	8.291959988	51.96456809	52.17766809	0.2131
91	8.571464257	52.17766809	52.50086809	0.3232
92	8.664632347	52.50086809	52.82406809	0.3232
93	8.757800436	52.82406809	53.14726809	0.3232
----------------------------
Service Server:
0	0.09316809	0.19426809	0.51746809	0.3232
1	0.186336179	0.62856809	0.95176809	0.3232
2	0.279504269	1.06286809	1.38606809	0.3232
3	0.372672359	1.49716809	1.82036809	0.3232
4	0.465840449	1.93146809	2.25466809	0.3232
0	0.09316809	2.26576809	2.36676809	0.101
0	0.09316809	2.36676809	2.46776809	0.101
5	0.559008538	2.57886809	2.90206809	0.3232
6	0.652176628	3.01316809	3.33636809	0.3232
7	0.745344718	3.44746809	3.77066809	0.3232
8	0.838512808	3.88176809	4.20496809	0.3232
9	0.931680897	4.31606809	4.63926809	0.3232
10	1.024848987	4.75036809	5.07356809	0.3232
11	1.118017077	5.18466809	5.50786809	0.3232
12	1.211185167	5.61896809	5.94216809	0.3232
13	1.304353256	6.05326809	6.37646809	0.3232
14	1.397521346	6.48756809	6.81076809	0.3232
15	1.490689436	6.92186809	7.24506809	0.3232
16	1.583857526	7.35616809	7.67936809	0.3232
17	1.677025615	7.79046809	8.11366809	0.3232
18	1.770193705	8.22476809	8.54796809	0.3232
19	1.863361795	8.65906809	8.98226809	0.3232
20	1.956529885	9.09336809	9.41656809	0.3232
21	2.049697974	9.52766809	9.85086809	0.3232
22	2.142866064	9.96196809	10.28516809	0.3232
23	2.236034154	10.39626809	10.71946809	0.3232
4	0.465840449	10.73056809	11.05376809	0.3232
24	2.329202244	11.16486809	11.48806809	0.3232
25	2.422370333	11.59916809	11.92236809	0.3232
26	2.515538423	12.03346809	12.35666809	0.3232
27	2.608706513	12.46776809	12.79096809	0.3232
28	2.701874603	12.90206809	13.22526809	0.3232
29	2.795042692	13.33636809	13.65956809	0.3232
30	2.888210782	13.77066809	14.09386809	0.3232
31	2.981378872	14.20496809	14.52816809	0.3232
32	3.074546962	14.63926809	14.96246809	0.3232
33	3.167715051	15.07356809	15.39676809	0.3232
34	3.260883141	15.50786809	15.83106809	0.3232
35	3.354051231	15.94216809	16.26536809	0.3232
36	3.447219321	16.37646809	16.69966809	0.3232
37	3.54038741	16.81076809	17.13396809	0.3232
38	3.6335555	17.24506809	17.56826809	0.3232
39	3.72672359	17.67936809	18.00256809	0.3232
40	3.81989168	18.11366809	18.43686809	0.3232
41	3.913059769	18.54796809	18.87116809	0.3232
42	4.006227859	18.98226809	19.30546809	0.3232
43	4.099395949	19.41656809	19.73976809	0.3232
44	4.192564039	19.85086809	20.17406809	0.3232
8	0.838512808	20.18516809	20.50836809	0.3232
45	4.285732128	20.61946809	20.94266809	0.3232
46	4.378900218	21.05376809	21.37696809	0.3232
47	4.472068308	21.48806809	21.81126809	0.3232
48	4.565236398	21.92236809	22.24556809	0.3232
49	4.658404487	22.35666809	22.67986809	0.3232
50	4.751572577	22.79096809	23.11416809	0.3232
51	4.844740667	23.22526809	23.54846809	0.3232
52	4.937908757	23.65956809	23.98276809	0.3232
53	5.031076846	24.09386809	24.41706809	0.3232
54	5.124244936	24.52816809	24.85136809	0.3232
55	5.217413026	24.96246809	25.28566809	0.3232
56	5.310581116	25.39676809	25.71996809	0.3232
57	5.403749205	25.83106809	26.15426809	0.3232
58	5.496917295	26.26536809	26.58856809	0.3232
11	1.118017077	26.69966809	26.91176809	0.2121
59	5.590085385	27.02286809	27.34606809	0.3232
60	5.683253475	27.45716809	27.78036809	0.3232
61	5.776421564	27.89146809	28.21466809	0.3232
62	5.869589654	28.32576809	28.64896809	0.3232
63	5.962757744	28.76006809	29.08326809	0.3232
64	6.055925834	29.19436809	29.51756809	0.3232
65	6.149093923	29.62866809	29.95186809	0.3232
66	6.242262013	30.06296809	30.38616809	0.3232
67	6.335430103	30.49726809	30.82046809	0.3232
68	6.428598193	30.93156809	31.25476809	0.3232
69	6.521766282	31.36586809	31.68906809	0.3232
70	6.614934372	31.80016809	32.12336809	0.3232
71	6.708102462	32.23446809	32.55766809	0.3232
72	6.801270552	32.66876809	32.99196809	0.3232
73	6.894438641	33.10306809	33.42626809	0.3232
74	6.987606731	33.53736809	33.86056809	0.3232
75	7.080774821	33.97166809	34.29486809	0.3232
76	7.173942911	34.40596809	34.72916809	0.3232
77	7.267111	34.84026809	35.16346809	0.3232
78	7.36027909	35.27456809	35.59776809	0.3232
79	7.45344718	35.70886809	36.03206809	0.3232
80	7.54661527	36.14316809	36.46636809	0.3232
81	7.639783359	36.57746809	36.90066809	0.3232
82	7.732951449	37.01176809	37.33496809	0.3232
83	7.826119539	37.44606809	37.76926809	0.3232
84	7.919287629	37.88036809	38.20356809	0.3232
85	8.012455718	38.31466809	38.63786809	0.3232
86	8.105623808	38.74896809	39.07216809	0.3232
87	8.198791898	39.18326809	39.50646809	0.3232
88	8.291959988	39.61756809	39.94076809	0.3232
89	8.385128077	40.05186809	40.37506809	0.3232
90	8.478296167	40.48616809	40.80936809	0.3232
91	8.571464257	40.92046809	41.24366809	0.3232
92	8.664632347	41.35476809	41.67796809	0.3232
93	8.757800436	41.78906809	42.11226809	0.3232
94	8.850968526	42.22336809	42.54656809	0.3232
95	8.944136616	42.65766809	42.98086809	0.3232
96	9.037304706	43.09196809	43.41516809	0.3232
97	9.130472795	43.52626809	43.84946809	0.3232
98	9.223640885	43.96056809	44.28376809	0.3232
99	9.316808975	44.39486809	44.71806809	0.3232
20	1.956529885	44.72916809	45.05236809	0.3232
29	2.795042692	45.06346809	45.38666809	0.3232
31	2.981378872	45.39776809	45.72096809	0.3232
35	3.354051231	45.73206809	46.05526809	0.3232
43	4.099395949	46.06636809	46.38956809	0.3232
47	4.472068308	46.40066809	46.50166809	0.101
47	4.472068308	46.50166809	46.60266809	0.101
48	4.565236398	46.61376809	46.93696809	0.3232
49	4.658404487	46.94806809	47.04906809	0.101
49	4.658404487	47.04906809	47.15006809	0.101
54	5.124244936	47.26116809	47.47326809	0.2121
59	5.590085385	47.58436809	47.79646809	0.2121
64	6.055925834	47.90756809	48.11966809	0.2121
66	6.242262013	48.23076809	48.44286809	0.2121
67	6.335430103	48.45396809	48.77716809	0.3232
68	6.428598193	48.78826809	49.11146809	0.3232
69	6.521766282	49.12256809	49.22356809	0.101
69	6.521766282	49.22356809	49.32456809	0.101
70	6.614934372	49.33566809	49.65886809	0.3232
71	6.708102462	49.66996809	49.99316809	0.3232
72	6.801270552	50.10426809	50.31636809	0.2121
76	7.173942911	50.32746809	50.65066809	0.3232
78	7.36027909	50.66176809	50.98496809	0.3232
79	7.45344718	51.09606809	51.30816809	0.2121
81	7.639783359	51.41926809	51.63136809	0.2121
86	8.105623808	51.74246809	51.95456809	0.2121
88	8.291959988	51.96566809	52.06666809	0.101
88	8.291959988	52.06666809	52.16766809	0.101
91	8.571464257	52.27876809	52.49086809	0.2121
92	8.664632347	52.60196809	52.81406809	0.2121
93	8.757800436	52.92516809	53.13726809	0.2121
----------------------------
DAO Server:
0	0.09316809	0.29536809	0.50746809	0.2121
1	0.186336179	0.72966809	0.94176809	0.2121
2	0.279504269	1.16396809	1.37606809	0.2121
3	0.372672359	1.59826809	1.81036809	0.2121
4	0.465840449	2.03256809	2.24466809	0.2121
5	0.559008538	2.67996809	2.89206809	0.2121
6	0.652176628	3.11426809	3.32636809	0.2121
7	0.745344718	3.54856809	3.76066809	0.2121
8	0.838512808	3.98286809	4.19496809	0.2121
9	0.931680897	4.41716809	4.62926809	0.2121
10	1.024848987	4.85146809	5.06356809	0.2121
11	1.118017077	5.28576809	5.49786809	0.2121
12	1.211185167	5.72006809	5.93216809	0.2121
13	1.304353256	6.15436809	6.36646809	0.2121
14	1.397521346	6.58866809	6.80076809	0.2121
15	1.490689436	7.02296809	7.23506809	0.2121
16	1.583857526	7.45726809	7.66936809	0.2121
17	1.677025615	7.89156809	8.10366809	0.2121
18	1.770193705	8.32586809	8.53796809	0.2121
19	1.863361795	8.76016809	8.97226809	0.2121
20	1.956529885	9.19446809	9.40656809	0.2121
21	2.049697974	9.62876809	9.84086809	0.2121
22	2.142866064	10.06306809	10.27516809	0.2121
23	2.236034154	10.49736809	10.70946809	0.2121
4	0.465840449	10.83166809	11.04376809	0.2121
24	2.329202244	11.26596809	11.47806809	0.2121
25	2.422370333	11.70026809	11.91236809	0.2121
26	2.515538423	12.13456809	12.34666809	0.2121
27	2.608706513	12.56886809	12.78096809	0.2121
28	2.701874603	13.00316809	13.21526809	0.2121
29	2.795042692	13.43746809	13.64956809	0.2121
30	2.888210782	13.87176809	14.08386809	0.2121
31	2.981378872	14.30606809	14.51816809	0.2121
32	3.074546962	14.74036809	14.95246809	0.2121
33	3.167715051	15.17466809	15.38676809	0.2121
34	3.260883141	15.60896809	15.82106809	0.2121
35	3.354051231	16.04326809	16.25536809	0.2121
36	3.447219321	16.47756809	16.68966809	0.2121
37	3.54038741	16.91186809	17.12396809	0.2121
38	3.6335555	17.34616809	17.55826809	0.2121
39	3.72672359	17.78046809	17.99256809	0.2121
40	3.81989168	18.21476809	18.42686809	0.2121
41	3.913059769	18.64906809	18.86116809	0.2121
42	4.006227859	19.08336809	19.29546809	0.2121
43	4.099395949	19.51766809	19.72976809	0.2121
44	4.192564039	19.95196809	20.16406809	0.2121
8	0.838512808	20.28626809	20.49836809	0.2121
45	4.285732128	20.72056809	20.93266809	0.2121
46	4.378900218	21.15486809	21.36696809	0.2121
47	4.472068308	21.58916809	21.80126809	0.2121
48	4.565236398	22.02346809	22.23556809	0.2121
49	4.658404487	22.45776809	22.66986809	0.2121
50	4.751572577	22.89206809	23.10416809	0.2121
51	4.844740667	23.32636809	23.53846809	0.2121
52	4.937908757	23.76066809	23.97276809	0.2121
53	5.031076846	24.19496809	24.40706809	0.2121
54	5.124244936	24.62926809	24.84136809	0.2121
55	5.217413026	25.06356809	25.27566809	0.2121
56	5.310581116	25.49786809	25.70996809	0.2121
57	5.403749205	25.93216809	26.14426809	0.2121
58	5.496917295	26.36646809	26.57856809	0.2121
59	5.590085385	27.12396809	27.33606809	0.2121
60	5.683253475	27.55826809	27.77036809	0.2121
61	5.776421564	27.99256809	28.20466809	0.2121
62	5.869589654	28.42686809	28.63896809	0.2121
63	5.962757744	28.86116809	29.07326809	0.2121
64	6.055925834	29.29546809	29.50756809	0.2121
65	6.149093923	29.72976809	29.94186809	0.2121
66	6.242262013	30.16406809	30.37616809	0.2121
67	6.335430103	30.59836809	30.81046809	0.2121
68	6.428598193	31.03266809	31.24476809	0.2121
69	6.521766282	31.46696809	31.67906809	0.2121
70	6.614934372	31.90126809	32.11336809	0.2121
71	6.708102462	32.33556809	32.54766809	0.2121
72	6.801270552	32.76986809	32.98196809	0.2121
73	6.894438641	33.20416809	33.41626809	0.2121
74	6.987606731	33.63846809	33.85056809	0.2121
75	7.080774821	34.07276809	34.28486809	0.2121
76	7.173942911	34.50706809	34.71916809	0.2121
77	7.267111	34.94136809	35.15346809	0.2121
78	7.36027909	35.37566809	35.58776809	0.2121
79	7.45344718	35.80996809	36.02206809	0.2121
80	7.54661527	36.24426809	36.45636809	0.2121
81	7.639783359	36.67856809	36.89066809	0.2121
82	7.732951449	37.11286809	37.32496809	0.2121
83	7.826119539	37.54716809	37.75926809	0.2121
84	7.919287629	37.98146809	38.19356809	0.2121
85	8.012455718	38.41576809	38.62786809	0.2121
86	8.105623808	38.85006809	39.06216809	0.2121
87	8.198791898	39.28436809	39.49646809	0.2121
88	8.291959988	39.71866809	39.93076809	0.2121
89	8.385128077	40.15296809	40.36506809	0.2121
90	8.478296167	40.58726809	40.79936809	0.2121
91	8.571464257	41.02156809	41.23366809	0.2121
92	8.664632347	41.45586809	41.66796809	0.2121
93	8.757800436	41.89016809	42.10226809	0.2121
94	8.850968526	42.32446809	42.53656809	0.2121
95	8.944136616	42.75876809	42.97086809	0.2121
96	9.037304706	43.19306809	43.40516809	0.2121
97	9.130472795	43.62736809	43.83946809	0.2121
98	9.223640885	44.06166809	44.27376809	0.2121
99	9.316808975	44.49596809	44.70806809	0.2121
20	1.956529885	44.83026809	45.04236809	0.2121
29	2.795042692	45.16456809	45.37666809	0.2121
31	2.981378872	45.49886809	45.71096809	0.2121
35	3.354051231	45.83316809	46.04526809	0.2121
43	4.099395949	46.16746809	46.37956809	0.2121
48	4.565236398	46.71486809	46.92696809	0.2121
67	6.335430103	48.55506809	48.76716809	0.2121
68	6.428598193	48.88936809	49.10146809	0.2121
70	6.614934372	49.43676809	49.64886809	0.2121
71	6.708102462	49.77106809	49.98316809	0.2121
76	7.173942911	50.42856809	50.64066809	0.2121
78	7.36027909	50.76286809	50.97496809	0.2121
----------------------------
SQL DataBase:
0	0.09316809	0.39646809	0.49746809	0.101
1	0.186336179	0.83076809	0.93176809	0.101
2	0.279504269	1.26506809	1.36606809	0.101
3	0.372672359	1.69936809	1.80036809	0.101
4	0.465840449	2.13366809	2.23466809	0.101
5	0.559008538	2.78106809	2.88206809	0.101
6	0.652176628	3.21536809	3.31636809	0.101
7	0.745344718	3.64966809	3.75066809	0.101
8	0.838512808	4.08396809	4.18496809	0.101
9	0.931680897	4.51826809	4.61926809	0.101
10	1.024848987	4.95256809	5.05356809	0.101
11	1.118017077	5.38686809	5.48786809	0.101
12	1.211185167	5.82116809	5.92216809	0.101
13	1.304353256	6.25546809	6.35646809	0.101
14	1.397521346	6.68976809	6.79076809	0.101
15	1.490689436	7.12406809	7.22506809	0.101
16	1.583857526	7.55836809	7.65936809	0.101
17	1.677025615	7.99266809	8.09366809	0.101
18	1.770193705	8.42696809	8.52796809	0.101
19	1.863361795	8.86126809	8.96226809	0.101
20	1.956529885	9.29556809	9.39656809	0.101
21	2.049697974	9.72986809	9.83086809	0.101
22	2.142866064	10.16416809	10.26516809	0.101
23	2.236034154	10.59846809	10.69946809	0.101
4	0.465840449	10.93276809	11.03376809	0.101
24	2.329202244	11.36706809	11.46806809	0.101
25	2.422370333	11.80136809	11.90236809	0.101
26	2.515538423	12.23566809	12.33666809	0.101
27	2.608706513	12.66996809	12.77096809	0.101
28	2.701874603	13.10426809	13.20526809	0.101
29	2.795042692	13.53856809	13.63956809	0.101
30	2.888210782	13.97286809	14.07386809	0.101
31	2.981378872	14.40716809	14.50816809	0.101
32	3.074546962	14.84146809	14.94246809	0.101
33	3.167715051	15.27576809	15.37676809	0.101
34	3.260883141	15.71006809	15.81106809	0.101
35	3.354051231	16.14436809	16.24536809	0.101
36	3.447219321	16.57866809	16.67966809	0.101
37	3.54038741	17.01296809	17.11396809	0.101
38	3.6335555	17.44726809	17.54826809	0.101
39	3.72672359	17.88156809	17.98256809	0.101
40	3.81989168	18.31586809	18.41686809	0.101
41	3.913059769	18.75016809	18.85116809	0.101
42	4.006227859	19.18446809	19.28546809	0.101
43	4.099395949	19.61876809	19.71976809	0.101
44	4.192564039	20.05306809	20.15406809	0.101
8	0.838512808	20.38736809	20.48836809	0.101
45	4.285732128	20.82166809	20.92266809	0.101
46	4.378900218	21.25596809	21.35696809	0.101
47	4.472068308	21.69026809	21.79126809	0.101
48	4.565236398	22.12456809	22.22556809	0.101
49	4.658404487	22.55886809	22.65986809	0.101
50	4.751572577	22.99316809	23.09416809	0.101
51	4.844740667	23.42746809	23.52846809	0.101
52	4.937908757	23.86176809	23.96276809	0.101
53	5.031076846	24.29606809	24.39706809	0.101
54	5.124244936	24.73036809	24.83136809	0.101
55	5.217413026	25.16466809	25.26566809	0.101
56	5.310581116	25.59896809	25.69996809	0.101
57	5.403749205	26.03326809	26.13426809	0.101
58	5.496917295	26.46756809	26.56856809	0.101
59	5.590085385	27.22506809	27.32606809	0.101
60	5.683253475	27.65936809	27.76036809	0.101
61	5.776421564	28.09366809	28.19466809	0.101
62	5.869589654	28.52796809	28.62896809	0.101
63	5.962757744	28.96226809	29.06326809	0.101
64	6.055925834	29.39656809	29.49756809	0.101
65	6.149093923	29.83086809	29.93186809	0.101
66	6.242262013	30.26516809	30.36616809	0.101
67	6.335430103	30.69946809	30.80046809	0.101
68	6.428598193	31.13376809	31.23476809	0.101
69	6.521766282	31.56806809	31.66906809	0.101
70	6.614934372	32.00236809	32.10336809	0.101
71	6.708102462	32.43666809	32.53766809	0.101
72	6.801270552	32.87096809	32.97196809	0.101
73	6.894438641	33.30526809	33.40626809	0.101
74	6.987606731	33.73956809	33.84056809	0.101
75	7.080774821	34.17386809	34.27486809	0.101
76	7.173942911	34.60816809	34.70916809	0.101
77	7.267111	35.04246809	35.14346809	0.101
78	7.36027909	35.47676809	35.57776809	0.101
79	7.45344718	35.91106809	36.01206809	0.101
80	7.54661527	36.34536809	36.44636809	0.101
81	7.639783359	36.77966809	36.88066809	0.101
82	7.732951449	37.21396809	37.31496809	0.101
83	7.826119539	37.64826809	37.74926809	0.101
84	7.919287629	38.08256809	38.18356809	0.101
85	8.012455718	38.51686809	38.61786809	0.101
86	8.105623808	38.95116809	39.05216809	0.101
87	8.198791898	39.38546809	39.48646809	0.101
88	8.291959988	39.81976809	39.92076809	0.101
89	8.385128077	40.25406809	40.35506809	0.101
90	8.478296167	40.68836809	40.78936809	0.101
91	8.571464257	41.12266809	41.22366809	0.101
92	8.664632347	41.55696809	41.65796809	0.101
93	8.757800436	41.99126809	42.09226809	0.101
94	8.850968526	42.42556809	42.52656809	0.101
95	8.944136616	42.85986809	42.96086809	0.101
96	9.037304706	43.29416809	43.39516809	0.101
97	9.130472795	43.72846809	43.82946809	0.101
98	9.223640885	44.16276809	44.26376809	0.101
99	9.316808975	44.59706809	44.69806809	0.101
20	1.956529885	44.93136809	45.03236809	0.101
29	2.795042692	45.26566809	45.36666809	0.101
31	2.981378872	45.59996809	45.70096809	0.101
35	3.354051231	45.93426809	46.03526809	0.101
43	4.099395949	46.26856809	46.36956809	0.101
48	4.565236398	46.81596809	46.91696809	0.101
67	6.335430103	48.65616809	48.75716809	0.101
68	6.428598193	48.99046809	49.09146809	0.101
70	6.614934372	49.53786809	49.63886809	0.101
71	6.708102462	49.87216809	49.97316809	0.101
76	7.173942911	50.52966809	50.63066809	0.101
78	7.36027909	50.86396809	50.96496809	0.101
----------------------------
Printer:
11	1.118017077	26.80076809	26.90176809	0.101
54	5.124244936	47.36226809	47.46326809	0.101
59	5.590085385	47.68546809	47.78646809	0.101
64	6.055925834	48.00866809	48.10966809	0.101
66	6.242262013	48.33186809	48.43286809	0.101
72	6.801270552	50.20536809	50.30636809	0.101
79	7.45344718	51.19716809	51.29816809	0.101
81	7.639783359	51.52036809	51.62136809	0.101
86	8.105623808	51.84356809	51.94456809	0.101
91	8.571464257	52.37986809	52.48086809	0.101
92	8.664632347	52.70306809	52.80406809	0.101
93	8.757800436	53.02626809	53.12726809	0.101
----------------------------
