Controller Server:
0	0.09316809	0.09316809	0.52746809	0.4343
1	0.186336179	0.52746809	0.96176809	0.4343
2	0.279504269	0.96176809	1.39606809	0.4343
3	0.372672359	1.39606809	1.83036809	0.4343
4	0.465840449	1.83036809	2.26466809	0.4343
0	0.09316809	2.26466809	2.47776809	0.2131
5	0.559008538	2.47776809	2.91206809	0.4343
6	0.652176628	2.91206809	3.34636809	0.4343
7	0.745344718	3.34636809	3.78066809	0.4343
8	0.838512808	3.78066809	4.21496809	0.4343
9	0.931680897	4.21496809	4.64926809	0.4343
10	1.024848987	4.64926809	5.08356809	0.4343
11	1.118017077	5.08356809	5.51786809	0.4343
12	1.211185167	5.51786809	5.95216809	0.4343
13	1.304353256	5.95216809	6.38646809	0.4343
2	0.279504269	6.38646809	6.72076809	0.3343
14	1.397521346	6.72076809	7.15506809	0.4343
15	1.490689436	7.15506809	7.58936809	0.4343
16	1.583857526	7.58936809	8.02366809	0.4343
17	1.677025615	8.02366809	8.45796809	0.4343
18	1.770193705	8.45796809	8.89226809	0.4343
3	0.372672359	8.89226809	9.22656809	0.3343
19	1.863361795	9.22656809	9.66086809	0.4343
20	1.956529885	9.66086809	10.09516809	0.4343
21	2.049697974	10.09516809	10.52946809	0.4343
22	2.142866064	10.52946809	10.96376809	0.4343
23	2.236034154	10.96376809	11.39806809	0.4343
4	0.465840449	11.39806809	11.72126809	0.3232
24	2.329202244	11.72126809	12.15556809	0.4343
25	2.422370333	12.15556809	12.58986809	0.4343
26	2.515538423	12.58986809	13.02416809	0.4343
27	2.608706513	13.02416809	13.45846809	0.4343
28	2.701874603	13.45846809	13.89276809	0.4343
29	2.795042692	13.89276809	14.32706809	0.4343
30	2.888210782	14.32706809	14.76136809	0.4343
5	0.559008538	14.76136809	15.09566809	0.3343
31	2.981378872	15.09566809	15.52996809	0.4343
32	3.074546962	15.52996809	15.96426809	0.4343
33	3.167715051	15.96426809	16.39856809	0.4343
34	3.260883141	16.39856809	16.83286809	0.4343
35	3.354051231	16.83286809	17.26716809	0.4343
36	3.447219321	17.26716809	17.70146809	0.4343
37	3.54038741	17.70146809	18.13576809	0.4343
38	3.6335555	18.13576809	18.57006809	0.4343
39	3.72672359	18.57006809	19.00436809	0.4343
40	3.81989168	19.00436809	19.43866809	0.4343
41	3.913059769	19.43866809	19.87296809	0.4343
42	4.006227859	19.87296809	20.30726809	0.4343
43	4.099395949	20.30726809	20.74156809	0.4343
44	4.192564039	20.74156809	21.17586809	0.4343
8	0.838512808	21.17586809	21.51016809	0.3343
45	4.285732128	21.51016809	21.94446809	0.4343
46	4.378900218	21.94446809	22.37876809	0.4343
47	4.472068308	22.37876809	22.81306809	0.4343
48	4.565236398	22.81306809	23.24736809	0.4343
9	0.931680897	23.24736809	23.58166809	0.3343
49	4.658404487	23.58166809	24.01596809	0.4343
50	4.751572577	24.01596809	24.45026809	0.4343
51	4.844740667	24.45026809	24.88456809	0.4343
52	4.937908757	24.88456809	25.31886809	0.4343
53	5.031076846	25.31886809	25.75316809	0.4343
54	5.124244936	25.75316809	26.18746809	0.4343
55	5.217413026	26.18746809	26.62176809	0.4343
56	5.310581116	26.62176809	27.05606809	0.4343
57	5.403749205	27.05606809	27.49036809	0.4343
58	5.496917295	27.49036809	27.92466809	0.4343
11	1.118017077	27.92466809	28.25896809	0.3343
59	5.590085385	28.25896809	28.69326809	0.4343
60	5.683253475	28.69326809	29.12756809	0.4343
61	5.776421564	29.12756809	29.56186809	0.4343
62	5.869589654	29.56186809	29.99616809	0.4343
12	1.211185167	29.99616809	30.33046809	0.3343
63	5.962757744	30.33046809	30.76476809	0.4343
64	6.055925834	30.76476809	31.19906809	0.4343
65	6.149093923	31.19906809	31.63336809	0.4343
66	6.242262013	31.63336809	32.06766809	0.4343
67	6.335430103	32.06766809	32.50196809	0.4343
13	1.304353256	32.50196809	32.71506809	0.2131
68	6.428598193	32.71506809	33.14936809	0.4343
69	6.521766282	33.14936809	33.58366809	0.4343
70	6.614934372	33.58366809	34.01796809	0.4343
71	6.708102462	34.01796809	34.45226809	0.4343
72	6.801270552	34.45226809	34.88656809	0.4343
73	6.894438641	34.88656809	35.32086809	0.4343
74	6.987606731	35.32086809	35.75516809	0.4343
75	7.080774821	35.75516809	36.18946809	0.4343
14	1.397521346	36.18946809	36.52376809	0.3343
76	7.173942911	36.52376809	36.95806809	0.4343
77	7.267111	36.95806809	37.39236809	0.4343
78	7.36027909	37.39236809	37.82666809	0.4343
79	7.45344718	37.82666809	38.26096809	0.4343
80	7.54661527	38.26096809	38.69526809	0.4343
15	1.490689436	38.69526809	38.90836809	0.2131
81	7.639783359	38.90836809	39.34266809	0.4343
82	7.732951449	39.34266809	39.77696809	0.4343
83	7.826119539	39.77696809	40.21126809	0.4343
84	7.919287629	40.21126809	40.64556809	0.4343
85	8.012455718	40.64556809	41.07986809	0.4343
16	1.583857526	41.07986809	41.40306809	0.3232
86	8.105623808	41.40306809	41.83736809	0.4343
87	8.198791898	41.83736809	42.27166809	0.4343
88	8.291959988	42.27166809	42.70596809	0.4343
89	8.385128077	42.70596809	43.14026809	0.4343
90	8.478296167	43.14026809	43.57456809	0.4343
91	8.571464257	43.57456809	44.00886809	0.4343
92	8.664632347	44.00886809	44.44316809	0.4343
93	8.757800436	44.44316809	44.87746809	0.4343
94	8.850968526	44.87746809	45.31176809	0.4343
18	1.770193705	45.31176809	45.63496809	0.3232
95	8.944136616	45.63496809	46.06926809	0.4343
96	9.037304706	46.06926809	46.50356809	0.4343
97	9.130472795	46.50356809	46.93786809	0.4343
98	9.223640885	46.93786809	47.37216809	0.4343
99	9.316808975	47.37216809	47.80646809	0.4343
19	1.863361795	47.80646809	48.12966809	0.3232
20	1.956529885	48.12966809	48.45286809	0.3232
21	2.049697974	48.45286809	48.78716809	0.3343
22	2.142866064	48.78716809	49.12146809	0.3343
23	2.236034154	49.12146809	49.33456809	0.2131
24	2.329202244	49.33456809	49.66886809	0.3343
25	2.422370333	49.66886809	50.00316809	0.3343
26	2.515538423	50.00316809	50.32636809	0.3232
27	2.608706513	50.32636809	50.66066809	0.3343
28	2.701874603	50.66066809	50.99496809	0.3343
29	2.795042692	50.99496809	51.31816809	0.3232
30	2.888210782	51.31816809	51.64136809	0.3232
31	2.981378872	51.64136809	51.96456809	0.3232
32	3.074546962	51.96456809	52.17766809	0.2131
33	3.167715051	52.17766809	52.50086809	0.3232
34	3.260883141	52.50086809	52.82406809	0.3232
35	3.354051231	52.82406809	53.14726809	0.3232
----------------------------
Service Server:
0	0.09316809	0.19426809	0.51746809	0.3232
1	0.186336179	0.62856809	0.95176809	0.3232
2	0.279504269	1.06286809	1.38606809	0.3232
3	0.372672359	1.49716809	1.82036809	0.3232
4	0.465840449	1.93146809	2.25466809	0.3232
0	0.09316809	2.26576809	2.36676809	0.101
0	0.09316809	2.36676809	2.46776809	0.101
5	0.559008538	2.57886809	2.90206809	0.3232
6	0.652176628	3.01316809	3.33636809	0.3232
7	0.745344718	3.44746809	3.77066809	0.3232
8	0.838512808	3.88176809	4.20496809	0.3232
9	0.931680897	4.31606809	4.63926809	0.3232
10	1.024848987	4.75036809	5.07356809	0.3232
11	1.118017077	5.18466809	5.50786809	0.3232
12	1.211185167	5.61896809	5.94216809	0.3232
13	1.304353256	6.05326809	6.37646809	0.3232
2	0.279504269	6.38756809	6.71076809	0.3232
14	1.397521346	6.82186809	7.14506809	0.3232
15	1.490689436	7.25616809	7.57936809	0.3232
16	1.583857526	7.69046809	8.01366809	0.3232
17	1.677025615	8.12476809	8.44796809	0.3232
18	1.770193705	8.55906809	8.88226809	0.3232
3	0.372672359	8.89336809	9.21656809	0.3232
19	1.863361795	9.32766809	9.65086809	0.3232
20	1.956529885	9.76196809	10.08516809	0.3232
21	2.049697974	10.19626809	10.51946809	0.3232
22	2.142866064	10.63056809	10.95376809	0.3232
23	2.236034154	11.06486809	11.38806809	0.3232
4	0.465840449	11.49916809	11.71126809	0.2121
24	2.329202244	11.82236809	12.14556809	0.3232
25	2.422370333	12.25666809	12.57986809	0.3232
26	2.515538423	12.69096809	13.01416809	0.3232
27	2.608706513	13.12526809	13.44846809	0.3232
28	2.701874603	13.55956809	13.88276809	0.3232
29	2.795042692	13.99386809	14.31706809	0.3232
30	2.888210782	14.42816809	14.75136809	0.3232
5	0.559008538	14.76246809	15.08566809	0.3232
31	2.981378872	15.19676809	15.51996809	0.3232
32	3.074546962	15.63106809	15.95426809	0.3232
33	3.167715051	16.06536809	16.38856809	0.3232
34	3.260883141	16.49966809	16.82286809	0.3232
35	3.354051231	16.93396809	17.25716809	0.3232
36	3.447219321	17.36826809	17.69146809	0.3232
37	3.54038741	17.80256809	18.12576809	0.3232
38	3.6335555	18.23686809	18.56006809	0.3232
39	3.72672359	18.67116809	18.99436809	0.3232
40	3.81989168	19.10546809	19.42866809	0.3232
41	3.913059769	19.53976809	19.86296809	0.3232
42	4.006227859	19.97406809	20.29726809	0.3232
43	4.099395949	20.40836809	20.73156809	0.3232
44	4.192564039	20.84266809	21.16586809	0.3232
8	0.838512808	21.17696809	21.50016809	0.3232
45	4.285732128	21.61126809	21.93446809	0.3232
46	4.378900218	22.04556809	22.36876809	0.3232
47	4.472068308	22.47986809	22.80306809	0.3232
48	4.565236398	22.91416809	23.23736809	0.3232
9	0.931680897	23.24846809	23.57166809	0.3232
49	4.658404487	23.68276809	24.00596809	0.3232
50	4.751572577	24.11706809	24.44026809	0.3232
51	4.844740667	24.55136809	24.87456809	0.3232
52	4.937908757	24.98566809	25.30886809	0.3232
53	5.031076846	25.41996809	25.74316809	0.3232
54	5.124244936	25.85426809	26.17746809	0.3232
55	5.217413026	26.28856809	26.61176809	0.3232
56	5.310581116	26.72286809	27.04606809	0.3232
57	5.403749205	27.15716809	27.48036809	0.3232
58	5.496917295	27.59146809	27.91466809	0.3232
11	1.118017077	27.92576809	28.24896809	0.3232
59	5.590085385	28.36006809	28.68326809	0.3232
60	5.683253475	28.79436809	29.11756809	0.3232
61	5.776421564	29.22866809	29.55186809	0.3232
62	5.869589654	29.66296809	29.98616809	0.3232
12	1.211185167	29.99726809	30.32046809	0.3232
63	5.962757744	30.43156809	30.75476809	0.3232
64	6.055925834	30.86586809	31.18906809	0.3232
65	6.149093923	31.30016809	31.62336809	0.3232
66	6.242262013	31.73446809	32.05766809	0.3232
67	6.335430103	32.16876809	32.49196809	0.3232
13	1.304353256	32.50306809	32.60406809	0.101
13	1.304353256	32.60406809	32.70506809	0.101
68	6.428598193	32.81616809	33.13936809	0.3232
69	6.521766282	33.25046809	33.57366809	0.3232
70	6.614934372	33.68476809	34.00796809	0.3232
71	6.708102462	34.11906809	34.44226809	0.3232
72	6.801270552	34.55336809	34.87656809	0.3232
73	6.894438641	34.98766809	35.31086809	0.3232
74	6.987606731	35.42196809	35.74516809	0.3232
75	7.080774821	35.85626809	36.17946809	0.3232
14	1.397521346	36.19056809	36.51376809	0.3232
76	7.173942911	36.62486809	36.94806809	0.3232
77	7.267111	37.05916809	37.38236809	0.3232
78	7.36027909	37.49346809	37.81666809	0.3232
79	7.45344718	37.92776809	38.25096809	0.3232
80	7.54661527	38.36206809	38.68526809	0.3232
15	1.490689436	38.69636809	38.79736809	0.101
15	1.490689436	38.79736809	38.89836809	0.101
81	7.639783359	39.00946809	39.33266809	0.3232
82	7.732951449	39.44376809	39.76696809	0.3232
83	7.826119539	39.87806809	40.20126809	0.3232
84	7.919287629	40.31236809	40.63556809	0.3232
85	8.012455718	40.74666809	41.06986809	0.3232
16	1.583857526	41.18096809	41.39306809	0.2121
86	8.105623808	41.50416809	41.82736809	0.3232
87	8.198791898	41.93846809	42.26166809	0.3232
88	8.291959988	42.37276809	42.69596809	0.3232
89	8.385128077	42.80706809	43.13026809	0.3232
90	8.478296167	43.24136809	43.56456809	0.3232
91	8.571464257	43.67566809	43.99886809	0.3232
92	8.664632347	44.10996809	44.43316809	0.3232
93	8.757800436	44.54426809	44.86746809	0.3232
94	8.850968526	44.97856809	45.30176809	0.3232
18	1.770193705	45.41286809	45.62496809	0.2121
95	8.944136616	45.73606809	46.05926809	0.3232
96	9.037304706	46.17036809	46.49356809	0.3232
97	9.130472795	46.60466809	46.92786809	0.3232
98	9.223640885	47.03896809	47.36216809	0.3232
99	9.316808975	47.47326809	47.79646809	0.3232
19	1.863361795	47.90756809	48.11966809	0.2121
20	1.956529885	48.23076809	48.44286809	0.2121
21	2.049697974	48.45396809	48.77716809	0.3232
22	2.142866064	48.78826809	49.11146809	0.3232
23	2.236034154	49.12256809	49.22356809	0.101
23	2.236034154	49.22356809	49.32456809	0.101
24	2.329202244	49.33566809	49.65886809	0.3232
25	2.422370333	49.66996809	49.99316809	0.3232
26	2.515538423	50.10426809	50.31636809	0.2121
27	2.608706513	50.32746809	50.65066809	0.3232
28	2.701874603	50.66176809	50.98496809	0.3232
29	2.795042692	51.09606809	51.30816809	0.2121
30	2.888210782	51.41926809	51.63136809	0.2121
31	2.981378872	51.74246809	51.95456809	0.2121
32	3.074546962	51.96566809	52.06666809	0.101
32	3.074546962	52.06666809	52.16766809	0.101
33	3.167715051	52.27876809	52.49086809	0.2121
34	3.260883141	52.60196809	52.81406809	0.2121
35	3.354051231	52.92516809	53.13726809	0.2121
----------------------------
DAO Server:
0	0.09316809	0.29536809	0.50746809	0.2121
1	0.186336179	0.72966809	0.94176809	0.2121
2	0.279504269	1.16396809	1.37606809	0.2121
3	0.372672359	1.59826809	1.81036809	0.2121
4	0.465840449	2.03256809	2.24466809	0.2121
5	0.559008538	2.67996809	2.89206809	0.2121
6	0.652176628	3.11426809	3.32636809	0.2121
7	0.745344718	3.54856809	3.76066809	0.2121
8	0.838512808	3.98286809	4.19496809	0.2121
9	0.931680897	4.41716809	4.62926809	0.2121
10	1.024848987	4.85146809	5.06356809	0.2121
11	1.118017077	5.28576809	5.49786809	0.2121
12	1.211185167	5.72006809	5.93216809	0.2121
13	1.304353256	6.15436809	6.36646809	0.2121
2	0.279504269	6.48866809	6.70076809	0.2121
14	1.397521346	6.92296809	7.13506809	0.2121
15	1.490689436	7.35726809	7.56936809	0.2121
16	1.583857526	7.79156809	8.00366809	0.2121
17	1.677025615	8.22586809	8.43796809	0.2121
18	1.770193705	8.66016809	8.87226809	0.2121
3	0.372672359	8.99446809	9.20656809	0.2121
19	1.863361795	9.42876809	9.64086809	0.2121
20	1.956529885	9.86306809	10.07516809	0.2121
21	2.049697974	10.29736809	10.50946809	0.2121
22	2.142866064	10.73166809	10.94376809	0.2121
23	2.236034154	11.16596809	11.37806809	0.2121
24	2.329202244	11.92346809	12.13556809	0.2121
25	2.422370333	12.35776809	12.56986809	0.2121
26	2.515538423	12.79206809	13.00416809	0.2121
27	2.608706513	13.22636809	13.43846809	0.2121
28	2.701874603	13.66066809	13.87276809	0.2121
29	2.795042692	14.09496809	14.30706809	0.2121
30	2.888210782	14.52926809	14.74136809	0.2121
5	0.559008538	14.86356809	15.07566809	0.2121
31	2.981378872	15.29786809	15.50996809	0.2121
32	3.074546962	15.73216809	15.94426809	0.2121
33	3.167715051	16.16646809	16.37856809	0.2121
34	3.260883141	16.60076809	16.81286809	0.2121
35	3.354051231	17.03506809	17.24716809	0.2121
36	3.447219321	17.46936809	17.68146809	0.2121
37	3.54038741	17.90366809	18.11576809	0.2121
38	3.6335555	18.33796809	18.55006809	0.2121
39	3.72672359	18.77226809	18.98436809	0.2121
40	3.81989168	19.20656809	19.41866809	0.2121
41	3.913059769	19.64086809	19.85296809	0.2121
42	4.006227859	20.07516809	20.28726809	0.2121
43	4.099395949	20.50946809	20.72156809	0.2121
44	4.192564039	20.94376809	21.15586809	0.2121
8	0.838512808	21.27806809	21.49016809	0.2121
45	4.285732128	21.71236809	21.92446809	0.2121
46	4.378900218	22.14666809	22.35876809	0.2121
47	4.472068308	22.58096809	22.79306809	0.2121
48	4.565236398	23.01526809	23.22736809	0.2121
9	0.931680897	23.34956809	23.56166809	0.2121
49	4.658404487	23.78386809	23.99596809	0.2121
50	4.751572577	24.21816809	24.43026809	0.2121
51	4.844740667	24.65246809	24.86456809	0.2121
52	4.937908757	25.08676809	25.29886809	0.2121
53	5.031076846	25.52106809	25.73316809	0.2121
54	5.124244936	25.95536809	26.16746809	0.2121
55	5.217413026	26.38966809	26.60176809	0.2121
56	5.310581116	26.82396809	27.03606809	0.2121
57	5.403749205	27.25826809	27.47036809	0.2121
58	5.496917295	27.69256809	27.90466809	0.2121
11	1.118017077	28.02686809	28.23896809	0.2121
59	5.590085385	28.46116809	28.67326809	0.2121
60	5.683253475	28.89546809	29.10756809	0.2121
61	5.776421564	29.32976809	29.54186809	0.2121
62	5.869589654	29.76406809	29.97616809	0.2121
12	1.211185167	30.09836809	30.31046809	0.2121
63	5.962757744	30.53266809	30.74476809	0.2121
64	6.055925834	30.96696809	31.17906809	0.2121
65	6.149093923	31.40126809	31.61336809	0.2121
66	6.242262013	31.83556809	32.04766809	0.2121
67	6.335430103	32.26986809	32.48196809	0.2121
68	6.428598193	32.91726809	33.12936809	0.2121
69	6.521766282	33.35156809	33.56366809	0.2121
70	6.614934372	33.78586809	33.99796809	0.2121
71	6.708102462	34.22016809	34.43226809	0.2121
72	6.801270552	34.65446809	34.86656809	0.2121
73	6.894438641	35.08876809	35.30086809	0.2121
74	6.987606731	35.52306809	35.73516809	0.2121
75	7.080774821	35.95736809	36.16946809	0.2121
14	1.397521346	36.29166809	36.50376809	0.2121
76	7.173942911	36.72596809	36.93806809	0.2121
77	7.267111	37.16026809	37.37236809	0.2121
78	7.36027909	37.59456809	37.80666809	0.2121
79	7.45344718	38.02886809	38.24096809	0.2121
80	7.54661527	38.46316809	38.67526809	0.2121
81	7.639783359	39.11056809	39.32266809	0.2121
82	7.732951449	39.54486809	39.75696809	0.2121
83	7.826119539	39.97916809	40.19126809	0.2121
84	7.919287629	40.41346809	40.62556809	0.2121
85	8.012455718	40.84776809	41.05986809	0.2121
86	8.105623808	41.60526809	41.81736809	0.2121
87	8.198791898	42.03956809	42.25166809	0.2121
88	8.291959988	42.47386809	42.68596809	0.2121
89	8.385128077	42.90816809	43.12026809	0.2121
90	8.478296167	43.34246809	43.55456809	0.2121
91	8.571464257	43.77676809	43.98886809	0.2121
92	8.664632347	44.21106809	44.42316809	0.2121
93	8.757800436	44.64536809	44.85746809	0.2121
94	8.850968526	45.07966809	45.29176809	0.2121
95	8.944136616	45.83716809	46.04926809	0.2121
96	9.037304706	46.27146809	46.48356809	0.2121
97	9.130472795	46.70576809	46.91786809	0.2121
98	9.223640885	47.14006809	47.35216809	0.2121
99	9.316808975	47.57436809	47.78646809	0.2121
21	2.049697974	48.55506809	48.76716809	0.2121
22	2.142866064	48.88936809	49.10146809	0.2121
24	2.329202244	49.43676809	49.64886809	0.2121
25	2.422370333	49.77106809	49.98316809	0.2121
27	2.608706513	50.42856809	50.64066809	0.2121
28	2.701874603	50.76286809	50.97496809	0.2121
----------------------------
SQL DataBase:
0	0.09316809	0.39646809	0.49746809	0.101
1	0.186336179	0.83076809	0.93176809	0.101
2	0.279504269	1.26506809	1.36606809	0.101
3	0.372672359	1.69936809	1.80036809	0.101
4	0.465840449	2.13366809	2.23466809	0.101
5	0.559008538	2.78106809	2.88206809	0.101
6	0.652176628	3.21536809	3.31636809	0.101
7	0.745344718	3.64966809	3.75066809	0.101
8	0.838512808	4.08396809	4.18496809	0.101
9	0.931680897	4.51826809	4.61926809	0.101
10	1.024848987	4.95256809	5.05356809	0.101
11	1.118017077	5.38686809	5.48786809	0.101
12	1.211185167	5.82116809	5.92216809	0.101
13	1.304353256	6.25546809	6.35646809	0.101
2	0.279504269	6.58976809	6.69076809	0.101
14	1.397521346	7.02406809	7.12506809	0.101
15	1.490689436	7.45836809	7.55936809	0.101
16	1.583857526	7.89266809	7.99366809	0.101
17	1.677025615	8.32696809	8.42796809	0.101
18	1.770193705	8.76126809	8.86226809	0.101
3	0.372672359	9.09556809	9.19656809	0.101
19	1.863361795	9.52986809	9.63086809	0.101
20	1.956529885	9.96416809	10.06516809	0.101
21	2.049697974	10.39846809	10.49946809	0.101
22	2.142866064	10.83276809	10.93376809	0.101
23	2.236034154	11.26706809	11.36806809	0.101
24	2.329202244	12.02456809	12.12556809	0.101
25	2.422370333	12.45886809	12.55986809	0.101
26	2.515538423	12.89316809	12.99416809	0.101
27	2.608706513	13.32746809	13.42846809	0.101
28	2.701874603	13.76176809	13.86276809	0.101
29	2.795042692	14.19606809	14.29706809	0.101
30	2.888210782	14.63036809	14.73136809	0.101
5	0.559008538	14.96466809	15.06566809	0.101
31	2.981378872	15.39896809	15.49996809	0.101
32	3.074546962	15.83326809	15.93426809	0.101
33	3.167715051	16.26756809	16.36856809	0.101
34	3.260883141	16.70186809	16.80286809	0.101
35	3.354051231	17.13616809	17.23716809	0.101
36	3.447219321	17.57046809	17.67146809	0.101
37	3.54038741	18.00476809	18.10576809	0.101
38	3.6335555	18.43906809	18.54006809	0.101
39	3.72672359	18.87336809	18.97436809	0.101
40	3.81989168	19.30766809	19.40866809	0.101
41	3.913059769	19.74196809	19.84296809	0.101
42	4.006227859	20.17626809	20.27726809	0.101
43	4.099395949	20.61056809	20.71156809	0.101
44	4.192564039	21.04486809	21.14586809	0.101
8	0.838512808	21.37916809	21.48016809	0.101
45	4.285732128	21.81346809	21.91446809	0.101
46	4.378900218	22.24776809	22.34876809	0.101
47	4.472068308	22.68206809	22.78306809	0.101
48	4.565236398	23.11636809	23.21736809	0.101
9	0.931680897	23.45066809	23.55166809	0.101
49	4.658404487	23.88496809	23.98596809	0.101
50	4.751572577	24.31926809	24.42026809	0.101
51	4.844740667	24.75356809	24.85456809	0.101
52	4.937908757	25.18786809	25.28886809	0.101
53	5.031076846	25.62216809	25.72316809	0.101
54	5.124244936	26.05646809	26.15746809	0.101
55	5.217413026	26.49076809	26.59176809	0.101
56	5.310581116	26.92506809	27.02606809	0.101
57	5.403749205	27.35936809	27.46036809	0.101
58	5.496917295	27.79366809	27.89466809	0.101
11	1.118017077	28.12796809	28.22896809	0.101
59	5.590085385	28.56226809	28.66326809	0.101
60	5.683253475	28.99656809	29.09756809	0.101
61	5.776421564	29.43086809	29.53186809	0.101
62	5.869589654	29.86516809	29.96616809	0.101
12	1.211185167	30.19946809	30.30046809	0.101
63	5.962757744	30.63376809	30.73476809	0.101
64	6.055925834	31.06806809	31.16906809	0.101
65	6.149093923	31.50236809	31.60336809	0.101
66	6.242262013	31.93666809	32.03766809	0.101
67	6.335430103	32.37096809	32.47196809	0.101
68	6.428598193	33.01836809	33.11936809	0.101
69	6.521766282	33.45266809	33.55366809	0.101
70	6.614934372	33.88696809	33.98796809	0.101
71	6.708102462	34.32126809	34.42226809	0.101
72	6.801270552	34.75556809	34.85656809	0.101
73	6.894438641	35.18986809	35.29086809	0.101
74	6.987606731	35.62416809	35.72516809	0.101
75	7.080774821	36.05846809	36.15946809	0.101
14	1.397521346	36.39276809	36.49376809	0.101
76	7.173942911	36.82706809	36.92806809	0.101
77	7.267111	37.26136809	37.36236809	0.101
78	7.36027909	37.69566809	37.79666809	0.101
79	7.45344718	38.12996809	38.23096809	0.101
80	7.54661527	38.56426809	38.66526809	0.101
81	7.639783359	39.21166809	39.31266809	0.101
82	7.732951449	39.64596809	39.74696809	0.101
83	7.826119539	40.08026809	40.18126809	0.101
84	7.919287629	40.51456809	40.61556809	0.101
85	8.012455718	40.94886809	41.04986809	0.101
86	8.105623808	41.70636809	41.80736809	0.101
87	8.198791898	42.14066809	42.24166809	0.101
88	8.291959988	42.57496809	42.67596809	0.101
89	8.385128077	43.00926809	43.11026809	0.101
90	8.478296167	43.44356809	43.54456809	0.101
91	8.571464257	43.87786809	43.97886809	0.101
92	8.664632347	44.31216809	44.41316809	0.101
93	8.757800436	44.74646809	44.84746809	0.101
94	8.850968526	45.18076809	45.28176809	0.101
95	8.944136616	45.93826809	46.03926809	0.101
96	9.037304706	46.37256809	46.47356809	0.101
97	9.130472795	46.80686809	46.90786809	0.101
98	9.223640885	47.24116809	47.34216809	0.101
99	9.316808975	47.67546809	47.77646809	0.101
21	2.049697974	48.65616809	48.75716809	0.101
22	2.142866064	48.99046809	49.09146809	0.101
24	2.329202244	49.53786809	49.63886809	0.101
25	2.422370333	49.87216809	49.97316809	0.101
27	2.608706513	50.52966809	50.63066809	0.101
28	2.701874603	50.86396809	50.96496809	0.101
----------------------------
Printer:
4	0.465840449	11.60026809	11.70126809	0.101
16	1.583857526	41.28206809	41.38306809	0.101
18	1.770193705	45.51396809	45.61496809	0.101
19	1.863361795	48.00866809	48.10966809	0.101
20	1.956529885	48.33186809	48.43286809	0.101
26	2.515538423	50.20536809	50.30636809	0.101
29	2.795042692	51.19716809	51.29816809	0.101
30	2.888210782	51.52036809	51.62136809	0.101
31	2.981378872	51.84356809	51.94456809	0.101
33	3.167715051	52.37986809	52.48086809	0.101
34	3.260883141	52.70306809	52.80406809	0.101
35	3.354051231	53.02626809	53.12726809	0.101
----------------------------
