0	0.186336179	0.186336179	1.692336179	1.506	0.0
1	0.372672359	0.620636179	1.054936179	0.4343	0.24796382
2	0.559008538	1.054936179	3.662736179	2.6078	0.495927641
3	0.745344718	1.490236179	5.299936179	3.8097	0.744891461
4	0.931680897	2.025536179	6.926036179	4.9005	1.093855282
5	1.118017077	2.459836179	8.128936179	5.6691	1.341819102
6	1.304353256	2.894136179	3.328436179	0.4343	1.589782923
7	1.490689436	3.662736179	4.097036179	0.4343	2.172046743
8	1.677025615	4.097036179	12.371936179	8.2749	2.420010564
9	1.863361795	4.531336179	13.574836179	9.0435	2.667974384
10	2.049697974	5.299936179	5.734236179	0.4343	3.250238205
11	2.236034154	5.734236179	16.949236179	11.215	3.498202025
12	2.422370333	6.168536179	18.152136179	11.9836	3.746165846
13	2.608706513	6.926036179	20.092436179	13.1664	4.317329666
14	2.795042692	7.360336179	21.194236179	13.8339	4.565293487
15	2.981378872	8.128936179	23.134536179	15.0056	5.147557307
16	3.167715051	8.563236179	24.659536179	16.0963	5.395521128
17	3.354051231	8.997536179	9.431836179	0.4343	5.643484948
18	3.54038741	9.431836179	26.719936179	17.2881	5.891448769
19	3.72672359	9.866136179	28.346036179	18.4799	6.139412589
20	3.913059769	10.300436179	29.537836179	19.2374	6.38737641
21	4.099395949	10.734736179	30.740736179	20.006	6.63534023
22	4.285732128	11.169036179	32.377936179	21.2089	6.883304051
23	4.472068308	11.603336179	33.449636179	21.8463	7.131267871
24	4.658404487	12.371936179	35.420036179	23.0481	7.713531692
25	4.844740667	12.806236179	37.057236179	24.251	7.961495512
26	5.031076846	13.574836179	39.117636179	25.5428	8.543759333
27	5.217413026	14.009136179	40.320536179	26.3114	8.791723153
28	5.403749205	14.443436179	41.523436179	27.08	9.039686974
29	5.590085385	14.877736179	43.149536179	28.2718	9.287650794
30	5.776421564	15.312036179	44.341336179	29.0293	9.535614615
31	5.962757744	15.746336179	45.533136179	29.7868	9.783578435
32	6.149093923	16.180636179	47.039136179	30.8585	10.031542256
33	6.335430103	16.949236179	48.998436179	32.0492	10.613806076
34	6.521766282	17.383536179	50.190236179	32.8067	10.861769897
35	6.708102462	18.152136179	52.250636179	34.0985	11.444033717
36	6.894438641	18.586436179	19.020736179	0.4343	11.691997538
37	7.080774821	19.020736179	19.455036179	0.4343	11.939961358
38	7.267111	19.455036179	19.889336179	0.4343	12.187925179
39	7.45344718	19.890336179	20.425636179	0.5353	12.436888999
40	7.639783359	20.425636179	20.859936179	0.4343	12.78585282
41	7.826119539	21.194236179	21.628536179	0.4343	13.36811664
42	8.012455718	21.628536179	22.062836179	0.4343	13.616080461
43	8.198791898	22.062836179	22.497136179	0.4343	13.864044281
44	8.385128077	22.497136179	22.931436179	0.4343	14.112008102
45	8.571464257	22.932436179	23.467736179	0.5353	14.360971922
46	8.757800436	23.467736179	23.902036179	0.4343	14.709935743
47	8.944136616	23.902036179	24.336336179	0.4343	14.957899563
48	9.130472795	24.659536179	25.093836179	0.4343	15.529063384
49	9.316808975	25.093836179	25.528136179	0.4343	15.777027204
50	9.503145154	25.528136179	25.962436179	0.4343	16.024991025
51	9.689481334	25.962436179	26.396736179	0.4343	16.272954845
52	9.875817513	26.719936179	27.154236179	0.4343	16.844118666
53	10.062153693	27.154236179	27.588536179	0.4343	17.092082486
54	10.248489872	27.588536179	28.022836179	0.4343	17.340046307
55	10.434826052	28.346036179	28.780336179	0.4343	17.911210127
56	10.621162231	28.780336179	29.214636179	0.4343	18.159173948
57	10.807498411	29.537836179	29.972136179	0.4343	18.730337768
58	10.99383459	29.972136179	30.406436179	0.4343	18.978301589
59	11.18017077	30.740736179	31.175036179	0.4343	19.560565409
60	11.366506949	31.175036179	31.609336179	0.4343	19.80852923
61	11.552843129	31.609336179	32.043636179	0.4343	20.05649305
62	11.739179308	32.377936179	32.812236179	0.4343	20.638756871
63	11.925515488	32.812236179	33.246536179	0.4343	20.886720691
64	12.111851667	33.247536179	33.782836179	0.5353	21.135684512
65	12.298187847	33.782836179	34.217136179	0.4343	21.484648332
66	12.484524026	34.217136179	34.651436179	0.4343	21.732612153
67	12.670860206	34.651436179	35.085736179	0.4343	21.980575973
68	12.857196385	35.420036179	35.854336179	0.4343	22.562839794
69	13.043532565	35.854336179	36.288636179	0.4343	22.810803614
70	13.229868744	36.288636179	36.722936179	0.4343	23.058767435
71	13.416204924	37.057236179	37.491536179	0.4343	23.641031255
72	13.602541103	37.491536179	37.925836179	0.4343	23.888995076
73	13.788877283	37.925836179	38.360136179	0.4343	24.136958896
74	13.975213462	38.360136179	38.794436179	0.4343	24.384922717
75	14.161549642	39.117636179	39.551936179	0.4343	24.956086537
76	14.347885821	39.551936179	39.986236179	0.4343	25.204050358
77	14.534222001	40.320536179	40.754836179	0.4343	25.786314178
78	14.72055818	40.754836179	41.189136179	0.4343	26.034277999
79	14.90689436	41.523436179	41.957736179	0.4343	26.616541819
80	15.093230539	41.957736179	42.392036179	0.4343	26.86450564
81	15.279566719	42.392036179	42.826336179	0.4343	27.11246946
82	15.465902898	43.149536179	43.583836179	0.4343	27.683633281
83	15.652239078	43.583836179	44.018136179	0.4343	27.931597101
84	15.838575257	44.341336179	44.775636179	0.4343	28.502760922
85	16.024911437	44.775636179	45.209936179	0.4343	28.750724742
86	16.211247616	45.533136179	45.967436179	0.4343	29.321888563
87	16.397583796	45.967436179	46.401736179	0.4343	29.569852383
88	16.583919975	46.401736179	46.836036179	0.4343	29.817816204
89	16.770256155	46.837036179	47.372336179	0.5353	30.066780024
90	16.956592334	47.372336179	47.806636179	0.4343	30.415743845
91	17.142928514	47.806636179	48.240936179	0.4343	30.663707665
92	17.329264693	48.240936179	48.675236179	0.4343	30.911671486
93	17.515600873	48.998436179	49.432736179	0.4343	31.482835306
94	17.701937052	49.432736179	49.867036179	0.4343	31.730799127
95	17.888273232	50.190236179	50.624536179	0.4343	32.301962947
96	18.074609411	50.624536179	51.058836179	0.4343	32.549926768
97	18.260945591	51.058836179	51.493136179	0.4343	32.797890588
98	18.44728177	51.493136179	51.927436179	0.4343	33.045854409
99	18.63361795	52.250636179	52.684936179	0.4343	33.617018229
