0	0.186336179	0.186336179	1.702336179	1.516	0.0
1	0.372672359	0.620636179	1.054936179	0.4343	0.24796382
2	0.559008538	1.054936179	3.773836179	2.7189	0.495927641
3	0.745344718	1.702336179	5.845336179	4.143	0.956991461
4	0.931680897	2.136636179	7.037136179	4.9005	1.204955282
5	1.118017077	2.570936179	8.674336179	6.1034	1.452919102
6	1.304353256	3.005236179	3.439536179	0.4343	1.700882923
7	1.490689436	3.773836179	4.208136179	0.4343	2.283146743
8	1.677025615	4.208136179	12.483036179	8.2749	2.531110564
9	1.863361795	4.642436179	14.120236179	9.4778	2.779074384
10	2.049697974	5.076736179	5.511036179	0.4343	3.027038205
11	2.236034154	5.845336179	17.060336179	11.215	3.609302025
12	2.422370333	6.279636179	18.697536179	12.4179	3.857265846
13	2.608706513	7.037136179	20.647836179	13.6107	4.428429666
14	2.795042692	7.471436179	21.850736179	14.3793	4.676393487
15	2.981378872	7.905736179	22.932436179	15.0267	4.924357307
16	3.167715051	8.674336179	24.992836179	16.3185	5.506621128
17	3.354051231	9.108636179	9.542936179	0.4343	5.754584948
18	3.54038741	9.542936179	27.487536179	17.9446	6.002548769
19	3.72672359	9.977236179	28.679336179	18.7021	6.250512589
20	3.913059769	10.411536179	30.305436179	19.8939	6.49847641
21	4.099395949	10.845836179	31.508336179	20.6625	6.74644023
22	4.285732128	11.280136179	32.711236179	21.4311	6.994404051
23	4.472068308	11.714436179	34.227236179	22.5128	7.242367871
24	4.658404487	12.483036179	36.298736179	23.8157	7.824631692
25	4.844740667	12.917336179	37.501636179	24.5843	8.072595512
26	5.031076846	13.351636179	38.693436179	25.3418	8.320559333
27	5.217413026	14.120236179	41.199236179	27.079	8.902823153
28	5.403749205	14.554536179	42.402136179	27.8476	9.150786974
29	5.590085385	14.988836179	43.593936179	28.6051	9.398750794
30	5.776421564	15.423136179	45.220036179	29.7969	9.646714615
31	5.962757744	15.857436179	46.411836179	30.5544	9.894678435
32	6.149093923	16.291736179	47.493536179	31.2018	10.142642256
33	6.335430103	17.060336179	49.553936179	32.4936	10.724906076
34	6.521766282	17.494636179	51.180036179	33.6854	10.972869897
35	6.708102462	17.928936179	52.371836179	34.4429	11.220833717
36	6.894438641	18.697536179	19.131836179	0.4343	11.803097538
37	7.080774821	19.131836179	19.566136179	0.4343	12.051061358
38	7.267111	19.566136179	20.000436179	0.4343	12.299025179
39	7.45344718	20.000436179	20.434736179	0.4343	12.546988999
40	7.639783359	20.647836179	21.082136179	0.4343	13.00805282
41	7.826119539	21.082136179	21.516436179	0.4343	13.25601664
42	8.012455718	21.850736179	22.285036179	0.4343	13.838280461
43	8.198791898	22.285036179	22.719336179	0.4343	14.086244281
44	8.385128077	22.932436179	23.366736179	0.4343	14.547308102
45	8.571464257	23.366736179	23.801036179	0.4343	14.795271922
46	8.757800436	23.801036179	24.235336179	0.4343	15.043235743
47	8.944136616	24.235336179	24.669636179	0.4343	15.291199563
48	9.130472795	24.992836179	25.427136179	0.4343	15.862363384
49	9.316808975	25.427136179	25.861436179	0.4343	16.110327204
50	9.503145154	25.861436179	26.295736179	0.4343	16.358291025
51	9.689481334	26.295736179	26.730036179	0.4343	16.606254845
52	9.875817513	26.730036179	27.164336179	0.4343	16.854218666
53	10.062153693	27.487536179	27.921836179	0.4343	17.425382486
54	10.248489872	27.921836179	28.356136179	0.4343	17.673346307
55	10.434826052	28.679336179	29.113636179	0.4343	18.244510127
56	10.621162231	29.113636179	29.547936179	0.4343	18.492473948
57	10.807498411	29.547936179	29.982236179	0.4343	18.740437768
58	10.99383459	30.305436179	30.739736179	0.4343	19.311601589
59	11.18017077	30.739736179	31.174036179	0.4343	19.559565409
60	11.366506949	31.508336179	31.942636179	0.4343	20.14182923
61	11.552843129	31.942636179	32.376936179	0.4343	20.38979305
62	11.739179308	32.711236179	33.145536179	0.4343	20.972056871
63	11.925515488	33.145536179	33.579836179	0.4343	21.220020691
64	12.111851667	33.579836179	34.014136179	0.4343	21.467984512
65	12.298187847	34.227236179	34.661536179	0.4343	21.929048332
66	12.484524026	34.661536179	35.095836179	0.4343	22.177012153
67	12.670860206	35.095836179	35.530136179	0.4343	22.424975973
68	12.857196385	35.530136179	35.964436179	0.4343	22.672939794
69	13.043532565	36.298736179	36.733036179	0.4343	23.255203614
70	13.229868744	36.733036179	37.167336179	0.4343	23.503167435
71	13.416204924	37.501636179	37.935936179	0.4343	24.085431255
72	13.602541103	37.935936179	38.370236179	0.4343	24.333395076
73	13.788877283	38.693436179	39.127736179	0.4343	24.904558896
74	13.975213462	39.127736179	39.562036179	0.4343	25.152522717
75	14.161549642	39.562036179	39.996336179	0.4343	25.400486537
76	14.347885821	39.996336179	40.430636179	0.4343	25.648450358
77	14.534222001	40.430636179	40.864936179	0.4343	25.896414178
78	14.72055818	41.199236179	41.633536179	0.4343	26.478677999
79	14.90689436	41.633536179	42.067836179	0.4343	26.726641819
80	15.093230539	42.402136179	42.836436179	0.4343	27.30890564
81	15.279566719	42.836436179	43.270736179	0.4343	27.55686946
82	15.465902898	43.593936179	44.028236179	0.4343	28.128033281
83	15.652239078	44.028236179	44.462536179	0.4343	28.375997101
84	15.838575257	44.462536179	44.896836179	0.4343	28.623960922
85	16.024911437	45.220036179	45.654336179	0.4343	29.195124742
86	16.211247616	45.654336179	46.088636179	0.4343	29.443088563
87	16.397583796	46.411836179	46.846136179	0.4343	30.014252383
88	16.583919975	46.846136179	47.280436179	0.4343	30.262216204
89	16.770256155	47.493536179	47.927836179	0.4343	30.723280024
90	16.956592334	47.927836179	48.362136179	0.4343	30.971243845
91	17.142928514	48.362136179	48.796436179	0.4343	31.219207665
92	17.329264693	48.796436179	49.230736179	0.4343	31.467171486
93	17.515600873	49.553936179	49.988236179	0.4343	32.038335306
94	17.701937052	49.988236179	50.422536179	0.4343	32.286299127
95	17.888273232	50.422536179	50.856836179	0.4343	32.534262947
96	18.074609411	51.180036179	51.614336179	0.4343	33.105426768
97	18.260945591	51.614336179	52.048636179	0.4343	33.353390588
98	18.44728177	52.371836179	52.806136179	0.4343	33.924554409
99	18.63361795	52.806136179	53.240436179	0.4343	34.172518229
