Controller Server:
0	0.09316809	0.09316809	0.52746809	0.4343
1	0.186336179	0.52746809	0.96176809	0.4343
2	0.279504269	0.96176809	1.39606809	0.4343
3	0.372672359	1.39606809	1.83036809	0.4343
4	0.465840449	1.83036809	2.26466809	0.4343
0	0.09316809	2.26466809	2.26566809	0.001
5	0.559008538	2.26566809	2.80096809	0.5353
6	0.652176628	2.80096809	3.23526809	0.4343
7	0.745344718	3.23526809	3.66956809	0.4343
8	0.838512808	3.66956809	4.10386809	0.4343
9	0.931680897	4.10386809	4.53816809	0.4343
10	1.024848987	4.53816809	4.97246809	0.4343
11	1.118017077	4.97246809	5.40676809	0.4343
12	1.211185167	5.40676809	5.84106809	0.4343
13	1.304353256	5.84106809	6.27536809	0.4343
2	0.279504269	6.27536809	6.60966809	0.3343
14	1.397521346	6.60966809	7.04396809	0.4343
15	1.490689436	7.04396809	7.47826809	0.4343
16	1.583857526	7.47826809	7.91256809	0.4343
17	1.677025615	7.91256809	8.34686809	0.4343
18	1.770193705	8.34686809	8.78116809	0.4343
3	0.372672359	8.78116809	9.11546809	0.3343
19	1.863361795	9.11546809	9.54976809	0.4343
20	1.956529885	9.54976809	9.98406809	0.4343
21	2.049697974	9.98406809	10.41836809	0.4343
22	2.142866064	10.41836809	10.85266809	0.4343
23	2.236034154	10.85266809	11.28696809	0.4343
4	0.465840449	11.28696809	11.61016809	0.3232
24	2.329202244	11.61016809	12.04446809	0.4343
25	2.422370333	12.04446809	12.47876809	0.4343
26	2.515538423	12.47876809	12.91306809	0.4343
27	2.608706513	12.91306809	13.34736809	0.4343
28	2.701874603	13.34736809	13.78166809	0.4343
29	2.795042692	13.78166809	14.21596809	0.4343
5	0.559008538	14.21596809	14.55026809	0.3343
30	2.888210782	14.55026809	14.98456809	0.4343
31	2.981378872	14.98456809	15.41886809	0.4343
32	3.074546962	15.41886809	15.85316809	0.4343
33	3.167715051	15.85316809	16.28746809	0.4343
34	3.260883141	16.28746809	16.72176809	0.4343
35	3.354051231	16.72176809	17.15606809	0.4343
36	3.447219321	17.15606809	17.59036809	0.4343
37	3.54038741	17.59036809	18.02466809	0.4343
38	3.6335555	18.02466809	18.45896809	0.4343
39	3.72672359	18.45896809	18.89326809	0.4343
40	3.81989168	18.89326809	19.32756809	0.4343
41	3.913059769	19.32756809	19.76186809	0.4343
42	4.006227859	19.76186809	20.19616809	0.4343
43	4.099395949	20.19616809	20.63046809	0.4343
8	0.838512808	20.63046809	20.96476809	0.3343
44	4.192564039	20.96476809	21.39906809	0.4343
45	4.285732128	21.39906809	21.83336809	0.4343
46	4.378900218	21.83336809	22.26766809	0.4343
47	4.472068308	22.26766809	22.70196809	0.4343
9	0.931680897	22.70196809	23.03626809	0.3343
48	4.565236398	23.03626809	23.47056809	0.4343
49	4.658404487	23.47056809	23.90486809	0.4343
50	4.751572577	23.90486809	24.33916809	0.4343
51	4.844740667	24.33916809	24.77346809	0.4343
52	4.937908757	24.77346809	25.20776809	0.4343
53	5.031076846	25.20776809	25.64206809	0.4343
54	5.124244936	25.64206809	26.07636809	0.4343
55	5.217413026	26.07636809	26.51066809	0.4343
56	5.310581116	26.51066809	26.94496809	0.4343
57	5.403749205	26.94496809	27.37926809	0.4343
11	1.118017077	27.37926809	27.71356809	0.3343
58	5.496917295	27.71356809	28.14786809	0.4343
59	5.590085385	28.14786809	28.58216809	0.4343
60	5.683253475	28.58216809	29.01646809	0.4343
61	5.776421564	29.01646809	29.45076809	0.4343
12	1.211185167	29.45076809	29.78506809	0.3343
62	5.869589654	29.78506809	30.21936809	0.4343
63	5.962757744	30.21936809	30.65366809	0.4343
64	6.055925834	30.65366809	31.08796809	0.4343
65	6.149093923	31.08796809	31.52226809	0.4343
66	6.242262013	31.52226809	31.95656809	0.4343
13	1.304353256	31.95656809	31.95756809	0.001
67	6.335430103	31.95756809	32.49286809	0.5353
68	6.428598193	32.49286809	32.92716809	0.4343
69	6.521766282	32.92716809	33.36146809	0.4343
70	6.614934372	33.36146809	33.79576809	0.4343
71	6.708102462	33.79576809	34.23006809	0.4343
72	6.801270552	34.23006809	34.66436809	0.4343
73	6.894438641	34.66436809	35.09866809	0.4343
74	6.987606731	35.09866809	35.53296809	0.4343
14	1.397521346	35.53296809	35.86726809	0.3343
75	7.080774821	35.86726809	36.30156809	0.4343
76	7.173942911	36.30156809	36.73586809	0.4343
77	7.267111	36.73586809	37.17016809	0.4343
78	7.36027909	37.17016809	37.60446809	0.4343
79	7.45344718	37.60446809	38.03876809	0.4343
15	1.490689436	38.03876809	38.03976809	0.001
80	7.54661527	38.03976809	38.57506809	0.5353
81	7.639783359	38.57506809	39.00936809	0.4343
82	7.732951449	39.00936809	39.44366809	0.4343
83	7.826119539	39.44366809	39.87796809	0.4343
16	1.583857526	39.87796809	40.20116809	0.3232
84	7.919287629	40.20116809	40.63546809	0.4343
85	8.012455718	40.63546809	41.06976809	0.4343
86	8.105623808	41.06976809	41.50406809	0.4343
87	8.198791898	41.50406809	41.93836809	0.4343
88	8.291959988	41.93836809	42.37266809	0.4343
89	8.385128077	42.37266809	42.80696809	0.4343
90	8.478296167	42.80696809	43.24126809	0.4343
91	8.571464257	43.24126809	43.67556809	0.4343
92	8.664632347	43.67556809	44.10986809	0.4343
93	8.757800436	44.10986809	44.54416809	0.4343
18	1.770193705	44.54416809	44.86736809	0.3232
94	8.850968526	44.86736809	45.30166809	0.4343
95	8.944136616	45.30166809	45.73596809	0.4343
96	9.037304706	45.73596809	46.17026809	0.4343
97	9.130472795	46.17026809	46.60456809	0.4343
98	9.223640885	46.60456809	47.03886809	0.4343
99	9.316808975	47.03886809	47.47316809	0.4343
19	1.863361795	47.47316809	47.79636809	0.3232
20	1.956529885	47.79636809	48.11956809	0.3232
21	2.049697974	48.11956809	48.45386809	0.3343
22	2.142866064	48.45386809	48.78816809	0.3343
23	2.236034154	48.78816809	48.78916809	0.001
24	2.329202244	48.78916809	49.32446809	0.5353
25	2.422370333	49.32446809	49.65876809	0.3343
26	2.515538423	49.65876809	49.98196809	0.3232
27	2.608706513	49.98196809	50.31626809	0.3343
28	2.701874603	50.31626809	50.65056809	0.3343
29	2.795042692	50.65056809	50.97376809	0.3232
30	2.888210782	50.97376809	51.29696809	0.3232
31	2.981378872	51.29696809	51.62016809	0.3232
32	3.074546962	51.62016809	51.62116809	0.001
33	3.167715051	51.62116809	52.04536809	0.4242
34	3.260883141	52.04536809	52.36856809	0.3232
35	3.354051231	52.36856809	52.69176809	0.3232
----------------------------
Service Server:
0	0.09316809	0.19426809	0.51746809	0.3232
1	0.186336179	0.62856809	0.95176809	0.3232
2	0.279504269	1.06286809	1.38606809	0.3232
3	0.372672359	1.49716809	1.82036809	0.3232
4	0.465840449	1.93146809	2.25466809	0.3232
0	0.09316809	2.26576809	2.36676809	0.101
0	0.09316809	2.36676809	2.46776809	0.101
5	0.559008538	2.46776809	2.79096809	0.3232
6	0.652176628	2.90206809	3.22526809	0.3232
7	0.745344718	3.33636809	3.65956809	0.3232
8	0.838512808	3.77066809	4.09386809	0.3232
9	0.931680897	4.20496809	4.52816809	0.3232
10	1.024848987	4.63926809	4.96246809	0.3232
11	1.118017077	5.07356809	5.39676809	0.3232
12	1.211185167	5.50786809	5.83106809	0.3232
13	1.304353256	5.94216809	6.26536809	0.3232
2	0.279504269	6.27646809	6.59966809	0.3232
14	1.397521346	6.71076809	7.03396809	0.3232
15	1.490689436	7.14506809	7.46826809	0.3232
16	1.583857526	7.57936809	7.90256809	0.3232
17	1.677025615	8.01366809	8.33686809	0.3232
18	1.770193705	8.44796809	8.77116809	0.3232
3	0.372672359	8.78226809	9.10546809	0.3232
19	1.863361795	9.21656809	9.53976809	0.3232
20	1.956529885	9.65086809	9.97406809	0.3232
21	2.049697974	10.08516809	10.40836809	0.3232
22	2.142866064	10.51946809	10.84266809	0.3232
23	2.236034154	10.95376809	11.27696809	0.3232
4	0.465840449	11.38806809	11.60016809	0.2121
24	2.329202244	11.71126809	12.03446809	0.3232
25	2.422370333	12.14556809	12.46876809	0.3232
26	2.515538423	12.57986809	12.90306809	0.3232
27	2.608706513	13.01416809	13.33736809	0.3232
28	2.701874603	13.44846809	13.77166809	0.3232
29	2.795042692	13.88276809	14.20596809	0.3232
5	0.559008538	14.21706809	14.54026809	0.3232
30	2.888210782	14.65136809	14.97456809	0.3232
31	2.981378872	15.08566809	15.40886809	0.3232
32	3.074546962	15.51996809	15.84316809	0.3232
33	3.167715051	15.95426809	16.27746809	0.3232
34	3.260883141	16.38856809	16.71176809	0.3232
35	3.354051231	16.82286809	17.14606809	0.3232
36	3.447219321	17.25716809	17.58036809	0.3232
37	3.54038741	17.69146809	18.01466809	0.3232
38	3.6335555	18.12576809	18.44896809	0.3232
39	3.72672359	18.56006809	18.88326809	0.3232
40	3.81989168	18.99436809	19.31756809	0.3232
41	3.913059769	19.42866809	19.75186809	0.3232
42	4.006227859	19.86296809	20.18616809	0.3232
43	4.099395949	20.29726809	20.62046809	0.3232
8	0.838512808	20.63156809	20.95476809	0.3232
44	4.192564039	21.06586809	21.38906809	0.3232
45	4.285732128	21.50016809	21.82336809	0.3232
46	4.378900218	21.93446809	22.25766809	0.3232
47	4.472068308	22.36876809	22.69196809	0.3232
9	0.931680897	22.70306809	23.02626809	0.3232
48	4.565236398	23.13736809	23.46056809	0.3232
49	4.658404487	23.57166809	23.89486809	0.3232
50	4.751572577	24.00596809	24.32916809	0.3232
51	4.844740667	24.44026809	24.76346809	0.3232
52	4.937908757	24.87456809	25.19776809	0.3232
53	5.031076846	25.30886809	25.63206809	0.3232
54	5.124244936	25.74316809	26.06636809	0.3232
55	5.217413026	26.17746809	26.50066809	0.3232
56	5.310581116	26.61176809	26.93496809	0.3232
57	5.403749205	27.04606809	27.36926809	0.3232
11	1.118017077	27.38036809	27.70356809	0.3232
58	5.496917295	27.81466809	28.13786809	0.3232
59	5.590085385	28.24896809	28.57216809	0.3232
60	5.683253475	28.68326809	29.00646809	0.3232
61	5.776421564	29.11756809	29.44076809	0.3232
12	1.211185167	29.45186809	29.77506809	0.3232
62	5.869589654	29.88616809	30.20936809	0.3232
63	5.962757744	30.32046809	30.64366809	0.3232
64	6.055925834	30.75476809	31.07796809	0.3232
65	6.149093923	31.18906809	31.51226809	0.3232
66	6.242262013	31.62336809	31.94656809	0.3232
13	1.304353256	31.95766809	32.05866809	0.101
13	1.304353256	32.05866809	32.15966809	0.101
67	6.335430103	32.15966809	32.48286809	0.3232
68	6.428598193	32.59396809	32.91716809	0.3232
69	6.521766282	33.02826809	33.35146809	0.3232
70	6.614934372	33.46256809	33.78576809	0.3232
71	6.708102462	33.89686809	34.22006809	0.3232
72	6.801270552	34.33116809	34.65436809	0.3232
73	6.894438641	34.76546809	35.08866809	0.3232
74	6.987606731	35.19976809	35.52296809	0.3232
14	1.397521346	35.53406809	35.85726809	0.3232
75	7.080774821	35.96836809	36.29156809	0.3232
76	7.173942911	36.40266809	36.72586809	0.3232
77	7.267111	36.83696809	37.16016809	0.3232
78	7.36027909	37.27126809	37.59446809	0.3232
79	7.45344718	37.70556809	38.02876809	0.3232
15	1.490689436	38.03986809	38.14086809	0.101
15	1.490689436	38.14086809	38.24186809	0.101
80	7.54661527	38.24186809	38.56506809	0.3232
81	7.639783359	38.67616809	38.99936809	0.3232
82	7.732951449	39.11046809	39.43366809	0.3232
83	7.826119539	39.54476809	39.86796809	0.3232
16	1.583857526	39.97906809	40.19116809	0.2121
84	7.919287629	40.30226809	40.62546809	0.3232
85	8.012455718	40.73656809	41.05976809	0.3232
86	8.105623808	41.17086809	41.49406809	0.3232
87	8.198791898	41.60516809	41.92836809	0.3232
88	8.291959988	42.03946809	42.36266809	0.3232
89	8.385128077	42.47376809	42.79696809	0.3232
90	8.478296167	42.90806809	43.23126809	0.3232
91	8.571464257	43.34236809	43.66556809	0.3232
92	8.664632347	43.77666809	44.09986809	0.3232
93	8.757800436	44.21096809	44.53416809	0.3232
18	1.770193705	44.64526809	44.85736809	0.2121
94	8.850968526	44.96846809	45.29166809	0.3232
95	8.944136616	45.40276809	45.72596809	0.3232
96	9.037304706	45.83706809	46.16026809	0.3232
97	9.130472795	46.27136809	46.59456809	0.3232
98	9.223640885	46.70566809	47.02886809	0.3232
99	9.316808975	47.13996809	47.46316809	0.3232
19	1.863361795	47.57426809	47.78636809	0.2121
20	1.956529885	47.89746809	48.10956809	0.2121
21	2.049697974	48.12066809	48.44386809	0.3232
22	2.142866064	48.45496809	48.77816809	0.3232
23	2.236034154	48.78926809	48.89026809	0.101
23	2.236034154	48.89026809	48.99126809	0.101
24	2.329202244	48.99126809	49.31446809	0.3232
25	2.422370333	49.32556809	49.64876809	0.3232
26	2.515538423	49.75986809	49.97196809	0.2121
27	2.608706513	49.98306809	50.30626809	0.3232
28	2.701874603	50.31736809	50.64056809	0.3232
29	2.795042692	50.75166809	50.96376809	0.2121
30	2.888210782	51.07486809	51.28696809	0.2121
31	2.981378872	51.39806809	51.61016809	0.2121
32	3.074546962	51.62126809	51.72226809	0.101
32	3.074546962	51.72226809	51.82326809	0.101
33	3.167715051	51.82326809	52.03536809	0.2121
34	3.260883141	52.14646809	52.35856809	0.2121
35	3.354051231	52.46966809	52.68176809	0.2121
----------------------------
DAO Server:
0	0.09316809	0.29536809	0.50746809	0.2121
1	0.186336179	0.72966809	0.94176809	0.2121
2	0.279504269	1.16396809	1.37606809	0.2121
3	0.372672359	1.59826809	1.81036809	0.2121
4	0.465840449	2.03256809	2.24466809	0.2121
5	0.559008538	2.56886809	2.78096809	0.2121
6	0.652176628	3.00316809	3.21526809	0.2121
7	0.745344718	3.43746809	3.64956809	0.2121
8	0.838512808	3.87176809	4.08386809	0.2121
9	0.931680897	4.30606809	4.51816809	0.2121
10	1.024848987	4.74036809	4.95246809	0.2121
11	1.118017077	5.17466809	5.38676809	0.2121
12	1.211185167	5.60896809	5.82106809	0.2121
13	1.304353256	6.04326809	6.25536809	0.2121
2	0.279504269	6.37756809	6.58966809	0.2121
14	1.397521346	6.81186809	7.02396809	0.2121
15	1.490689436	7.24616809	7.45826809	0.2121
16	1.583857526	7.68046809	7.89256809	0.2121
17	1.677025615	8.11476809	8.32686809	0.2121
18	1.770193705	8.54906809	8.76116809	0.2121
3	0.372672359	8.88336809	9.09546809	0.2121
19	1.863361795	9.31766809	9.52976809	0.2121
20	1.956529885	9.75196809	9.96406809	0.2121
21	2.049697974	10.18626809	10.39836809	0.2121
22	2.142866064	10.62056809	10.83266809	0.2121
23	2.236034154	11.05486809	11.26696809	0.2121
24	2.329202244	11.81236809	12.02446809	0.2121
25	2.422370333	12.24666809	12.45876809	0.2121
26	2.515538423	12.68096809	12.89306809	0.2121
27	2.608706513	13.11526809	13.32736809	0.2121
28	2.701874603	13.54956809	13.76166809	0.2121
29	2.795042692	13.98386809	14.19596809	0.2121
5	0.559008538	14.31816809	14.53026809	0.2121
30	2.888210782	14.75246809	14.96456809	0.2121
31	2.981378872	15.18676809	15.39886809	0.2121
32	3.074546962	15.62106809	15.83316809	0.2121
33	3.167715051	16.05536809	16.26746809	0.2121
34	3.260883141	16.48966809	16.70176809	0.2121
35	3.354051231	16.92396809	17.13606809	0.2121
36	3.447219321	17.35826809	17.57036809	0.2121
37	3.54038741	17.79256809	18.00466809	0.2121
38	3.6335555	18.22686809	18.43896809	0.2121
39	3.72672359	18.66116809	18.87326809	0.2121
40	3.81989168	19.09546809	19.30756809	0.2121
41	3.913059769	19.52976809	19.74186809	0.2121
42	4.006227859	19.96406809	20.17616809	0.2121
43	4.099395949	20.39836809	20.61046809	0.2121
8	0.838512808	20.73266809	20.94476809	0.2121
44	4.192564039	21.16696809	21.37906809	0.2121
45	4.285732128	21.60126809	21.81336809	0.2121
46	4.378900218	22.03556809	22.24766809	0.2121
47	4.472068308	22.46986809	22.68196809	0.2121
9	0.931680897	22.80416809	23.01626809	0.2121
48	4.565236398	23.23846809	23.45056809	0.2121
49	4.658404487	23.67276809	23.88486809	0.2121
50	4.751572577	24.10706809	24.31916809	0.2121
51	4.844740667	24.54136809	24.75346809	0.2121
52	4.937908757	24.97566809	25.18776809	0.2121
53	5.031076846	25.40996809	25.62206809	0.2121
54	5.124244936	25.84426809	26.05636809	0.2121
55	5.217413026	26.27856809	26.49066809	0.2121
56	5.310581116	26.71286809	26.92496809	0.2121
57	5.403749205	27.14716809	27.35926809	0.2121
11	1.118017077	27.48146809	27.69356809	0.2121
58	5.496917295	27.91576809	28.12786809	0.2121
59	5.590085385	28.35006809	28.56216809	0.2121
60	5.683253475	28.78436809	28.99646809	0.2121
61	5.776421564	29.21866809	29.43076809	0.2121
12	1.211185167	29.55296809	29.76506809	0.2121
62	5.869589654	29.98726809	30.19936809	0.2121
63	5.962757744	30.42156809	30.63366809	0.2121
64	6.055925834	30.85586809	31.06796809	0.2121
65	6.149093923	31.29016809	31.50226809	0.2121
66	6.242262013	31.72446809	31.93656809	0.2121
67	6.335430103	32.26076809	32.47286809	0.2121
68	6.428598193	32.69506809	32.90716809	0.2121
69	6.521766282	33.12936809	33.34146809	0.2121
70	6.614934372	33.56366809	33.77576809	0.2121
71	6.708102462	33.99796809	34.21006809	0.2121
72	6.801270552	34.43226809	34.64436809	0.2121
73	6.894438641	34.86656809	35.07866809	0.2121
74	6.987606731	35.30086809	35.51296809	0.2121
14	1.397521346	35.63516809	35.84726809	0.2121
75	7.080774821	36.06946809	36.28156809	0.2121
76	7.173942911	36.50376809	36.71586809	0.2121
77	7.267111	36.93806809	37.15016809	0.2121
78	7.36027909	37.37236809	37.58446809	0.2121
79	7.45344718	37.80666809	38.01876809	0.2121
80	7.54661527	38.34296809	38.55506809	0.2121
81	7.639783359	38.77726809	38.98936809	0.2121
82	7.732951449	39.21156809	39.42366809	0.2121
83	7.826119539	39.64586809	39.85796809	0.2121
84	7.919287629	40.40336809	40.61546809	0.2121
85	8.012455718	40.83766809	41.04976809	0.2121
86	8.105623808	41.27196809	41.48406809	0.2121
87	8.198791898	41.70626809	41.91836809	0.2121
88	8.291959988	42.14056809	42.35266809	0.2121
89	8.385128077	42.57486809	42.78696809	0.2121
90	8.478296167	43.00916809	43.22126809	0.2121
91	8.571464257	43.44346809	43.65556809	0.2121
92	8.664632347	43.87776809	44.08986809	0.2121
93	8.757800436	44.31206809	44.52416809	0.2121
94	8.850968526	45.06956809	45.28166809	0.2121
95	8.944136616	45.50386809	45.71596809	0.2121
96	9.037304706	45.93816809	46.15026809	0.2121
97	9.130472795	46.37246809	46.58456809	0.2121
98	9.223640885	46.80676809	47.01886809	0.2121
99	9.316808975	47.24106809	47.45316809	0.2121
21	2.049697974	48.22176809	48.43386809	0.2121
22	2.142866064	48.55606809	48.76816809	0.2121
24	2.329202244	49.09236809	49.30446809	0.2121
25	2.422370333	49.42666809	49.63876809	0.2121
27	2.608706513	50.08416809	50.29626809	0.2121
28	2.701874603	50.41846809	50.63056809	0.2121
----------------------------
SQL DataBase:
0	0.09316809	0.39646809	0.49746809	0.101
1	0.186336179	0.83076809	0.93176809	0.101
2	0.279504269	1.26506809	1.36606809	0.101
3	0.372672359	1.69936809	1.80036809	0.101
4	0.465840449	2.13366809	2.23466809	0.101
5	0.559008538	2.66996809	2.77096809	0.101
6	0.652176628	3.10426809	3.20526809	0.101
7	0.745344718	3.53856809	3.63956809	0.101
8	0.838512808	3.97286809	4.07386809	0.101
9	0.931680897	4.40716809	4.50816809	0.101
10	1.024848987	4.84146809	4.94246809	0.101
11	1.118017077	5.27576809	5.37676809	0.101
12	1.211185167	5.71006809	5.81106809	0.101
13	1.304353256	6.14436809	6.24536809	0.101
2	0.279504269	6.47866809	6.57966809	0.101
14	1.397521346	6.91296809	7.01396809	0.101
15	1.490689436	7.34726809	7.44826809	0.101
16	1.583857526	7.78156809	7.88256809	0.101
17	1.677025615	8.21586809	8.31686809	0.101
18	1.770193705	8.65016809	8.75116809	0.101
3	0.372672359	8.98446809	9.08546809	0.101
19	1.863361795	9.41876809	9.51976809	0.101
20	1.956529885	9.85306809	9.95406809	0.101
21	2.049697974	10.28736809	10.38836809	0.101
22	2.142866064	10.72166809	10.82266809	0.101
23	2.236034154	11.15596809	11.25696809	0.101
24	2.329202244	11.91346809	12.01446809	0.101
25	2.422370333	12.34776809	12.44876809	0.101
26	2.515538423	12.78206809	12.88306809	0.101
27	2.608706513	13.21636809	13.31736809	0.101
28	2.701874603	13.65066809	13.75166809	0.101
29	2.795042692	14.08496809	14.18596809	0.101
5	0.559008538	14.41926809	14.52026809	0.101
30	2.888210782	14.85356809	14.95456809	0.101
31	2.981378872	15.28786809	15.38886809	0.101
32	3.074546962	15.72216809	15.82316809	0.101
33	3.167715051	16.15646809	16.25746809	0.101
34	3.260883141	16.59076809	16.69176809	0.101
35	3.354051231	17.02506809	17.12606809	0.101
36	3.447219321	17.45936809	17.56036809	0.101
37	3.54038741	17.89366809	17.99466809	0.101
38	3.6335555	18.32796809	18.42896809	0.101
39	3.72672359	18.76226809	18.86326809	0.101
40	3.81989168	19.19656809	19.29756809	0.101
41	3.913059769	19.63086809	19.73186809	0.101
42	4.006227859	20.06516809	20.16616809	0.101
43	4.099395949	20.49946809	20.60046809	0.101
8	0.838512808	20.83376809	20.93476809	0.101
44	4.192564039	21.26806809	21.36906809	0.101
45	4.285732128	21.70236809	21.80336809	0.101
46	4.378900218	22.13666809	22.23766809	0.101
47	4.472068308	22.57096809	22.67196809	0.101
9	0.931680897	22.90526809	23.00626809	0.101
48	4.565236398	23.33956809	23.44056809	0.101
49	4.658404487	23.77386809	23.87486809	0.101
50	4.751572577	24.20816809	24.30916809	0.101
51	4.844740667	24.64246809	24.74346809	0.101
52	4.937908757	25.07676809	25.17776809	0.101
53	5.031076846	25.51106809	25.61206809	0.101
54	5.124244936	25.94536809	26.04636809	0.101
55	5.217413026	26.37966809	26.48066809	0.101
56	5.310581116	26.81396809	26.91496809	0.101
57	5.403749205	27.24826809	27.34926809	0.101
11	1.118017077	27.58256809	27.68356809	0.101
58	5.496917295	28.01686809	28.11786809	0.101
59	5.590085385	28.45116809	28.55216809	0.101
60	5.683253475	28.88546809	28.98646809	0.101
61	5.776421564	29.31976809	29.42076809	0.101
12	1.211185167	29.65406809	29.75506809	0.101
62	5.869589654	30.08836809	30.18936809	0.101
63	5.962757744	30.52266809	30.62366809	0.101
64	6.055925834	30.95696809	31.05796809	0.101
65	6.149093923	31.39126809	31.49226809	0.101
66	6.242262013	31.82556809	31.92656809	0.101
67	6.335430103	32.36186809	32.46286809	0.101
68	6.428598193	32.79616809	32.89716809	0.101
69	6.521766282	33.23046809	33.33146809	0.101
70	6.614934372	33.66476809	33.76576809	0.101
71	6.708102462	34.09906809	34.20006809	0.101
72	6.801270552	34.53336809	34.63436809	0.101
73	6.894438641	34.96766809	35.06866809	0.101
74	6.987606731	35.40196809	35.50296809	0.101
14	1.397521346	35.73626809	35.83726809	0.101
75	7.080774821	36.17056809	36.27156809	0.101
76	7.173942911	36.60486809	36.70586809	0.101
77	7.267111	37.03916809	37.14016809	0.101
78	7.36027909	37.47346809	37.57446809	0.101
79	7.45344718	37.90776809	38.00876809	0.101
80	7.54661527	38.44406809	38.54506809	0.101
81	7.639783359	38.87836809	38.97936809	0.101
82	7.732951449	39.31266809	39.41366809	0.101
83	7.826119539	39.74696809	39.84796809	0.101
84	7.919287629	40.50446809	40.60546809	0.101
85	8.012455718	40.93876809	41.03976809	0.101
86	8.105623808	41.37306809	41.47406809	0.101
87	8.198791898	41.80736809	41.90836809	0.101
88	8.291959988	42.24166809	42.34266809	0.101
89	8.385128077	42.67596809	42.77696809	0.101
90	8.478296167	43.11026809	43.21126809	0.101
91	8.571464257	43.54456809	43.64556809	0.101
92	8.664632347	43.97886809	44.07986809	0.101
93	8.757800436	44.41316809	44.51416809	0.101
94	8.850968526	45.17066809	45.27166809	0.101
95	8.944136616	45.60496809	45.70596809	0.101
96	9.037304706	46.03926809	46.14026809	0.101
97	9.130472795	46.47356809	46.57456809	0.101
98	9.223640885	46.90786809	47.00886809	0.101
99	9.316808975	47.34216809	47.44316809	0.101
21	2.049697974	48.32286809	48.42386809	0.101
22	2.142866064	48.65716809	48.75816809	0.101
24	2.329202244	49.19346809	49.29446809	0.101
25	2.422370333	49.52776809	49.62876809	0.101
27	2.608706513	50.18526809	50.28626809	0.101
28	2.701874603	50.51956809	50.62056809	0.101
----------------------------
Printer:
4	0.465840449	11.48916809	11.59016809	0.101
16	1.583857526	40.08016809	40.18116809	0.101
18	1.770193705	44.74636809	44.84736809	0.101
19	1.863361795	47.67536809	47.77636809	0.101
20	1.956529885	47.99856809	48.09956809	0.101
26	2.515538423	49.86096809	49.96196809	0.101
29	2.795042692	50.85276809	50.95376809	0.101
30	2.888210782	51.17596809	51.27696809	0.101
31	2.981378872	51.49916809	51.60016809	0.101
33	3.167715051	51.92436809	52.02536809	0.101
34	3.260883141	52.24756809	52.34856809	0.101
35	3.354051231	52.57076809	52.67176809	0.101
----------------------------
