Controller Server:
0	0.09316809	0.09316809	0.52746809	0.4343
1	0.186336179	0.52746809	0.96176809	0.4343
2	0.279504269	0.96176809	1.39606809	0.4343
3	0.372672359	1.39606809	1.83036809	0.4343
4	0.465840449	1.83036809	2.26466809	0.4343
0	0.09316809	2.26466809	2.26566809	0.001
5	0.559008538	2.26566809	2.80096809	0.5353
6	0.652176628	2.80096809	3.23526809	0.4343
7	0.745344718	3.23526809	3.66956809	0.4343
8	0.838512808	3.66956809	4.10386809	0.4343
9	0.931680897	4.10386809	4.53816809	0.4343
1	0.186336179	4.53816809	4.86136809	0.3232
10	1.024848987	4.86136809	5.29566809	0.4343
11	1.118017077	5.29566809	5.72996809	0.4343
12	1.211185167	5.72996809	6.16426809	0.4343
13	1.304353256	6.16426809	6.59856809	0.4343
14	1.397521346	6.59856809	7.03286809	0.4343
15	1.490689436	7.03286809	7.46716809	0.4343
16	1.583857526	7.46716809	7.90146809	0.4343
17	1.677025615	7.90146809	8.33576809	0.4343
18	1.770193705	8.33576809	8.77006809	0.4343
3	0.372672359	8.77006809	9.10436809	0.3343
19	1.863361795	9.10436809	9.53866809	0.4343
20	1.956529885	9.53866809	9.97296809	0.4343
21	2.049697974	9.97296809	10.40726809	0.4343
22	2.142866064	10.40726809	10.84156809	0.4343
23	2.236034154	10.84156809	11.27586809	0.4343
24	2.329202244	11.27586809	11.71016809	0.4343
25	2.422370333	11.71016809	12.14446809	0.4343
26	2.515538423	12.14446809	12.57876809	0.4343
27	2.608706513	12.57876809	13.01306809	0.4343
28	2.701874603	13.01306809	13.44736809	0.4343
29	2.795042692	13.44736809	13.88166809	0.4343
5	0.559008538	13.88166809	13.88266809	0.001
30	2.888210782	13.88266809	14.41796809	0.5353
31	2.981378872	14.41796809	14.85226809	0.4343
32	3.074546962	14.85226809	15.28656809	0.4343
33	3.167715051	15.28656809	15.72086809	0.4343
6	0.652176628	15.72086809	16.05516809	0.3343
34	3.260883141	16.05516809	16.48946809	0.4343
35	3.354051231	16.48946809	16.92376809	0.4343
36	3.447219321	16.92376809	17.35806809	0.4343
37	3.54038741	17.35806809	17.79236809	0.4343
38	3.6335555	17.79236809	18.22666809	0.4343
39	3.72672359	18.22666809	18.66096809	0.4343
40	3.81989168	18.66096809	19.09526809	0.4343
41	3.913059769	19.09526809	19.52956809	0.4343
42	4.006227859	19.52956809	19.96386809	0.4343
43	4.099395949	19.96386809	20.39816809	0.4343
8	0.838512808	20.39816809	20.72136809	0.3232
44	4.192564039	20.72136809	21.15566809	0.4343
45	4.285732128	21.15566809	21.58996809	0.4343
46	4.378900218	21.58996809	22.02426809	0.4343
47	4.472068308	22.02426809	22.45856809	0.4343
9	0.931680897	22.45856809	22.45956809	0.001
48	4.565236398	22.45956809	22.99486809	0.5353
49	4.658404487	22.99486809	23.42916809	0.4343
50	4.751572577	23.42916809	23.86346809	0.4343
51	4.844740667	23.86346809	24.29776809	0.4343
52	4.937908757	24.29776809	24.73206809	0.4343
53	5.031076846	24.73206809	25.16636809	0.4343
54	5.124244936	25.16636809	25.60066809	0.4343
55	5.217413026	25.60066809	26.03496809	0.4343
10	1.024848987	26.03496809	26.03596809	0.001
56	5.310581116	26.03596809	26.57126809	0.5353
57	5.403749205	26.57126809	27.00556809	0.4343
58	5.496917295	27.00556809	27.43986809	0.4343
59	5.590085385	27.43986809	27.87416809	0.4343
60	5.683253475	27.87416809	28.30846809	0.4343
11	1.118017077	28.30846809	28.63166809	0.3232
61	5.776421564	28.63166809	29.06596809	0.4343
62	5.869589654	29.06596809	29.50026809	0.4343
63	5.962757744	29.50026809	29.93456809	0.4343
64	6.055925834	29.93456809	30.36886809	0.4343
65	6.149093923	30.36886809	30.80316809	0.4343
12	1.211185167	30.80316809	31.13746809	0.3343
66	6.242262013	31.13746809	31.57176809	0.4343
67	6.335430103	31.57176809	32.00606809	0.4343
68	6.428598193	32.00606809	32.44036809	0.4343
69	6.521766282	32.44036809	32.87466809	0.4343
13	1.304353256	32.87466809	33.19786809	0.3232
70	6.614934372	33.19786809	33.63216809	0.4343
71	6.708102462	33.63216809	34.06646809	0.4343
72	6.801270552	34.06646809	34.50076809	0.4343
73	6.894438641	34.50076809	34.93506809	0.4343
74	6.987606731	34.93506809	35.36936809	0.4343
75	7.080774821	35.36936809	35.80366809	0.4343
76	7.173942911	35.80366809	36.23796809	0.4343
77	7.267111	36.23796809	36.67226809	0.4343
78	7.36027909	36.67226809	37.10656809	0.4343
79	7.45344718	37.10656809	37.54086809	0.4343
15	1.490689436	37.54086809	37.54186809	0.001
80	7.54661527	37.54186809	38.07716809	0.5353
81	7.639783359	38.07716809	38.51146809	0.4343
82	7.732951449	38.51146809	38.94576809	0.4343
83	7.826119539	38.94576809	39.38006809	0.4343
16	1.583857526	39.38006809	39.38106809	0.001
84	7.919287629	39.38106809	39.91636809	0.5353
85	8.012455718	39.91636809	40.35066809	0.4343
86	8.105623808	40.35066809	40.78496809	0.4343
87	8.198791898	40.78496809	41.21926809	0.4343
88	8.291959988	41.21926809	41.65356809	0.4343
89	8.385128077	41.65356809	42.08786809	0.4343
90	8.478296167	42.08786809	42.52216809	0.4343
91	8.571464257	42.52216809	42.95646809	0.4343
92	8.664632347	42.95646809	43.39076809	0.4343
93	8.757800436	43.39076809	43.82506809	0.4343
18	1.770193705	43.82506809	44.15936809	0.3343
94	8.850968526	44.15936809	44.59366809	0.4343
95	8.944136616	44.59366809	45.02796809	0.4343
96	9.037304706	45.02796809	45.46226809	0.4343
97	9.130472795	45.46226809	45.89656809	0.4343
98	9.223640885	45.89656809	46.33086809	0.4343
99	9.316808975	46.33086809	46.76516809	0.4343
19	1.863361795	46.76516809	47.08836809	0.3232
20	1.956529885	47.08836809	47.42266809	0.3343
22	2.142866064	47.42266809	47.74586809	0.3232
23	2.236034154	47.74586809	48.08016809	0.3343
24	2.329202244	48.08016809	48.40336809	0.3232
25	2.422370333	48.40336809	48.72656809	0.3232
26	2.515538423	48.72656809	49.04976809	0.3232
27	2.608706513	49.04976809	49.38406809	0.3343
28	2.701874603	49.38406809	49.70726809	0.3232
29	2.795042692	49.70726809	49.70826809	0.001
30	2.888210782	49.70826809	50.24356809	0.5353
31	2.981378872	50.24356809	50.24456809	0.001
32	3.074546962	50.24456809	50.77986809	0.5353
33	3.167715051	50.77986809	51.11416809	0.3343
34	3.260883141	51.11416809	51.11516809	0.001
37	3.54038741	51.11516809	51.53936809	0.4242
38	3.6335555	51.53936809	51.86256809	0.3232
39	3.72672359	51.86256809	52.18576809	0.3232
40	3.81989168	52.18576809	52.18676809	0.001
41	3.913059769	52.18676809	52.61096809	0.4242
42	4.006227859	52.61096809	52.61196809	0.001
43	4.099395949	52.61196809	53.14726809	0.5353
44	4.192564039	53.14726809	53.48156809	0.3343
45	4.285732128	53.48156809	53.48256809	0.001
46	4.378900218	53.48256809	54.01786809	0.5353
47	4.472068308	54.01786809	54.35216809	0.3343
49	4.658404487	54.35216809	54.67536809	0.3232
50	4.751572577	54.67536809	55.00966809	0.3343
51	4.844740667	55.00966809	55.34396809	0.3343
52	4.937908757	55.34396809	55.34496809	0.001
53	5.031076846	55.34496809	55.76916809	0.4242
54	5.124244936	55.76916809	55.77016809	0.001
57	5.403749205	55.77016809	56.19436809	0.4242
60	5.683253475	56.19436809	56.19536809	0.001
62	5.869589654	56.19536809	56.19636809	0.001
64	6.055925834	56.19636809	56.82156809	0.6252
65	6.149093923	56.82156809	57.14476809	0.3232
66	6.242262013	57.14476809	57.46796809	0.3232
----------------------------
Service Server:
0	0.09316809	0.19426809	0.51746809	0.3232
1	0.186336179	0.62856809	0.95176809	0.3232
2	0.279504269	1.06286809	1.38606809	0.3232
3	0.372672359	1.49716809	1.82036809	0.3232
4	0.465840449	1.93146809	2.25466809	0.3232
0	0.09316809	2.26576809	2.36676809	0.101
0	0.09316809	2.36676809	2.46776809	0.101
5	0.559008538	2.46776809	2.79096809	0.3232
6	0.652176628	2.90206809	3.22526809	0.3232
7	0.745344718	3.33636809	3.65956809	0.3232
8	0.838512808	3.77066809	4.09386809	0.3232
9	0.931680897	4.20496809	4.52816809	0.3232
1	0.186336179	4.63926809	4.85136809	0.2121
10	1.024848987	4.96246809	5.28566809	0.3232
11	1.118017077	5.39676809	5.71996809	0.3232
12	1.211185167	5.83106809	6.15426809	0.3232
13	1.304353256	6.26536809	6.58856809	0.3232
14	1.397521346	6.69966809	7.02286809	0.3232
15	1.490689436	7.13396809	7.45716809	0.3232
16	1.583857526	7.56826809	7.89146809	0.3232
17	1.677025615	8.00256809	8.32576809	0.3232
18	1.770193705	8.43686809	8.76006809	0.3232
3	0.372672359	8.77116809	9.09436809	0.3232
19	1.863361795	9.20546809	9.52866809	0.3232
20	1.956529885	9.63976809	9.96296809	0.3232
21	2.049697974	10.07406809	10.39726809	0.3232
22	2.142866064	10.50836809	10.83156809	0.3232
23	2.236034154	10.94266809	11.26586809	0.3232
24	2.329202244	11.37696809	11.70016809	0.3232
25	2.422370333	11.81126809	12.13446809	0.3232
26	2.515538423	12.24556809	12.56876809	0.3232
27	2.608706513	12.67986809	13.00306809	0.3232
28	2.701874603	13.11416809	13.43736809	0.3232
29	2.795042692	13.54846809	13.87166809	0.3232
5	0.559008538	13.88276809	13.98376809	0.101
5	0.559008538	13.98376809	14.08476809	0.101
30	2.888210782	14.08476809	14.40796809	0.3232
31	2.981378872	14.51906809	14.84226809	0.3232
32	3.074546962	14.95336809	15.27656809	0.3232
33	3.167715051	15.38766809	15.71086809	0.3232
6	0.652176628	15.72196809	16.04516809	0.3232
34	3.260883141	16.15626809	16.47946809	0.3232
35	3.354051231	16.59056809	16.91376809	0.3232
36	3.447219321	17.02486809	17.34806809	0.3232
37	3.54038741	17.45916809	17.78236809	0.3232
38	3.6335555	17.89346809	18.21666809	0.3232
39	3.72672359	18.32776809	18.65096809	0.3232
40	3.81989168	18.76206809	19.08526809	0.3232
41	3.913059769	19.19636809	19.51956809	0.3232
42	4.006227859	19.63066809	19.95386809	0.3232
43	4.099395949	20.06496809	20.38816809	0.3232
8	0.838512808	20.49926809	20.71136809	0.2121
44	4.192564039	20.82246809	21.14566809	0.3232
45	4.285732128	21.25676809	21.57996809	0.3232
46	4.378900218	21.69106809	22.01426809	0.3232
47	4.472068308	22.12536809	22.44856809	0.3232
9	0.931680897	22.45966809	22.56066809	0.101
9	0.931680897	22.56066809	22.66166809	0.101
48	4.565236398	22.66166809	22.98486809	0.3232
49	4.658404487	23.09596809	23.41916809	0.3232
50	4.751572577	23.53026809	23.85346809	0.3232
51	4.844740667	23.96456809	24.28776809	0.3232
52	4.937908757	24.39886809	24.72206809	0.3232
53	5.031076846	24.83316809	25.15636809	0.3232
54	5.124244936	25.26746809	25.59066809	0.3232
55	5.217413026	25.70176809	26.02496809	0.3232
10	1.024848987	26.03606809	26.13706809	0.101
10	1.024848987	26.13706809	26.23806809	0.101
56	5.310581116	26.23806809	26.56126809	0.3232
57	5.403749205	26.67236809	26.99556809	0.3232
58	5.496917295	27.10666809	27.42986809	0.3232
59	5.590085385	27.54096809	27.86416809	0.3232
60	5.683253475	27.97526809	28.29846809	0.3232
11	1.118017077	28.40956809	28.62166809	0.2121
61	5.776421564	28.73276809	29.05596809	0.3232
62	5.869589654	29.16706809	29.49026809	0.3232
63	5.962757744	29.60136809	29.92456809	0.3232
64	6.055925834	30.03566809	30.35886809	0.3232
65	6.149093923	30.46996809	30.79316809	0.3232
12	1.211185167	30.80426809	31.12746809	0.3232
66	6.242262013	31.23856809	31.56176809	0.3232
67	6.335430103	31.67286809	31.99606809	0.3232
68	6.428598193	32.10716809	32.43036809	0.3232
69	6.521766282	32.54146809	32.86466809	0.3232
13	1.304353256	32.97576809	33.18786809	0.2121
70	6.614934372	33.29896809	33.62216809	0.3232
71	6.708102462	33.73326809	34.05646809	0.3232
72	6.801270552	34.16756809	34.49076809	0.3232
73	6.894438641	34.60186809	34.92506809	0.3232
74	6.987606731	35.03616809	35.35936809	0.3232
75	7.080774821	35.47046809	35.79366809	0.3232
76	7.173942911	35.90476809	36.22796809	0.3232
77	7.267111	36.33906809	36.66226809	0.3232
78	7.36027909	36.77336809	37.09656809	0.3232
79	7.45344718	37.20766809	37.53086809	0.3232
15	1.490689436	37.54196809	37.64296809	0.101
15	1.490689436	37.64296809	37.74396809	0.101
80	7.54661527	37.74396809	38.06716809	0.3232
81	7.639783359	38.17826809	38.50146809	0.3232
82	7.732951449	38.61256809	38.93576809	0.3232
83	7.826119539	39.04686809	39.37006809	0.3232
16	1.583857526	39.38116809	39.48216809	0.101
16	1.583857526	39.48216809	39.58316809	0.101
84	7.919287629	39.58316809	39.90636809	0.3232
85	8.012455718	40.01746809	40.34066809	0.3232
86	8.105623808	40.45176809	40.77496809	0.3232
87	8.198791898	40.88606809	41.20926809	0.3232
88	8.291959988	41.32036809	41.64356809	0.3232
89	8.385128077	41.75466809	42.07786809	0.3232
90	8.478296167	42.18896809	42.51216809	0.3232
91	8.571464257	42.62326809	42.94646809	0.3232
92	8.664632347	43.05756809	43.38076809	0.3232
93	8.757800436	43.49186809	43.81506809	0.3232
18	1.770193705	43.82616809	44.14936809	0.3232
94	8.850968526	44.26046809	44.58366809	0.3232
95	8.944136616	44.69476809	45.01796809	0.3232
96	9.037304706	45.12906809	45.45226809	0.3232
97	9.130472795	45.56336809	45.88656809	0.3232
98	9.223640885	45.99766809	46.32086809	0.3232
99	9.316808975	46.43196809	46.75516809	0.3232
19	1.863361795	46.86626809	47.07836809	0.2121
20	1.956529885	47.08946809	47.41266809	0.3232
22	2.142866064	47.52376809	47.73586809	0.2121
23	2.236034154	47.74696809	48.07016809	0.3232
24	2.329202244	48.18126809	48.39336809	0.2121
25	2.422370333	48.50446809	48.71656809	0.2121
26	2.515538423	48.82766809	49.03976809	0.2121
27	2.608706513	49.05086809	49.37406809	0.3232
28	2.701874603	49.48516809	49.69726809	0.2121
29	2.795042692	49.70836809	49.80936809	0.101
29	2.795042692	49.80936809	49.91036809	0.101
30	2.888210782	49.91036809	50.23356809	0.3232
31	2.981378872	50.24466809	50.34566809	0.101
31	2.981378872	50.34566809	50.44666809	0.101
32	3.074546962	50.44666809	50.76986809	0.3232
33	3.167715051	50.78096809	51.10416809	0.3232
34	3.260883141	51.11526809	51.21626809	0.101
34	3.260883141	51.21626809	51.31726809	0.101
37	3.54038741	51.31726809	51.52936809	0.2121
38	3.6335555	51.64046809	51.85256809	0.2121
39	3.72672359	51.96366809	52.17576809	0.2121
40	3.81989168	52.18686809	52.28786809	0.101
40	3.81989168	52.28786809	52.38886809	0.101
41	3.913059769	52.38886809	52.60096809	0.2121
42	4.006227859	52.61206809	52.71306809	0.101
42	4.006227859	52.71306809	52.81406809	0.101
43	4.099395949	52.81406809	53.13726809	0.3232
44	4.192564039	53.14836809	53.47156809	0.3232
45	4.285732128	53.48266809	53.58366809	0.101
45	4.285732128	53.58366809	53.68466809	0.101
46	4.378900218	53.68466809	54.00786809	0.3232
47	4.472068308	54.01896809	54.34216809	0.3232
49	4.658404487	54.45326809	54.66536809	0.2121
50	4.751572577	54.67646809	54.99966809	0.3232
51	4.844740667	55.01076809	55.33396809	0.3232
52	4.937908757	55.34506809	55.44606809	0.101
52	4.937908757	55.44606809	55.54706809	0.101
53	5.031076846	55.54706809	55.75916809	0.2121
54	5.124244936	55.77026809	55.87126809	0.101
54	5.124244936	55.87126809	55.97226809	0.101
57	5.403749205	55.97226809	56.18436809	0.2121
60	5.683253475	56.19546809	56.29646809	0.101
60	5.683253475	56.29646809	56.39746809	0.101
62	5.869589654	56.39746809	56.49846809	0.101
62	5.869589654	56.49846809	56.59946809	0.101
64	6.055925834	56.59946809	56.81156809	0.2121
65	6.149093923	56.92266809	57.13476809	0.2121
66	6.242262013	57.24586809	57.45796809	0.2121
----------------------------
DAO Server:
0	0.09316809	0.29536809	0.50746809	0.2121
1	0.186336179	0.72966809	0.94176809	0.2121
2	0.279504269	1.16396809	1.37606809	0.2121
3	0.372672359	1.59826809	1.81036809	0.2121
4	0.465840449	2.03256809	2.24466809	0.2121
5	0.559008538	2.56886809	2.78096809	0.2121
6	0.652176628	3.00316809	3.21526809	0.2121
7	0.745344718	3.43746809	3.64956809	0.2121
8	0.838512808	3.87176809	4.08386809	0.2121
9	0.931680897	4.30606809	4.51816809	0.2121
10	1.024848987	5.06356809	5.27566809	0.2121
11	1.118017077	5.49786809	5.70996809	0.2121
12	1.211185167	5.93216809	6.14426809	0.2121
13	1.304353256	6.36646809	6.57856809	0.2121
14	1.397521346	6.80076809	7.01286809	0.2121
15	1.490689436	7.23506809	7.44716809	0.2121
16	1.583857526	7.66936809	7.88146809	0.2121
17	1.677025615	8.10366809	8.31576809	0.2121
18	1.770193705	8.53796809	8.75006809	0.2121
3	0.372672359	8.87226809	9.08436809	0.2121
19	1.863361795	9.30656809	9.51866809	0.2121
20	1.956529885	9.74086809	9.95296809	0.2121
21	2.049697974	10.17516809	10.38726809	0.2121
22	2.142866064	10.60946809	10.82156809	0.2121
23	2.236034154	11.04376809	11.25586809	0.2121
24	2.329202244	11.47806809	11.69016809	0.2121
25	2.422370333	11.91236809	12.12446809	0.2121
26	2.515538423	12.34666809	12.55876809	0.2121
27	2.608706513	12.78096809	12.99306809	0.2121
28	2.701874603	13.21526809	13.42736809	0.2121
29	2.795042692	13.64956809	13.86166809	0.2121
30	2.888210782	14.18586809	14.39796809	0.2121
31	2.981378872	14.62016809	14.83226809	0.2121
32	3.074546962	15.05446809	15.26656809	0.2121
33	3.167715051	15.48876809	15.70086809	0.2121
6	0.652176628	15.82306809	16.03516809	0.2121
34	3.260883141	16.25736809	16.46946809	0.2121
35	3.354051231	16.69166809	16.90376809	0.2121
36	3.447219321	17.12596809	17.33806809	0.2121
37	3.54038741	17.56026809	17.77236809	0.2121
38	3.6335555	17.99456809	18.20666809	0.2121
39	3.72672359	18.42886809	18.64096809	0.2121
40	3.81989168	18.86316809	19.07526809	0.2121
41	3.913059769	19.29746809	19.50956809	0.2121
42	4.006227859	19.73176809	19.94386809	0.2121
43	4.099395949	20.16606809	20.37816809	0.2121
44	4.192564039	20.92356809	21.13566809	0.2121
45	4.285732128	21.35786809	21.56996809	0.2121
46	4.378900218	21.79216809	22.00426809	0.2121
47	4.472068308	22.22646809	22.43856809	0.2121
48	4.565236398	22.76276809	22.97486809	0.2121
49	4.658404487	23.19706809	23.40916809	0.2121
50	4.751572577	23.63136809	23.84346809	0.2121
51	4.844740667	24.06566809	24.27776809	0.2121
52	4.937908757	24.49996809	24.71206809	0.2121
53	5.031076846	24.93426809	25.14636809	0.2121
54	5.124244936	25.36856809	25.58066809	0.2121
55	5.217413026	25.80286809	26.01496809	0.2121
56	5.310581116	26.33916809	26.55126809	0.2121
57	5.403749205	26.77346809	26.98556809	0.2121
58	5.496917295	27.20776809	27.41986809	0.2121
59	5.590085385	27.64206809	27.85416809	0.2121
60	5.683253475	28.07636809	28.28846809	0.2121
61	5.776421564	28.83386809	29.04596809	0.2121
62	5.869589654	29.26816809	29.48026809	0.2121
63	5.962757744	29.70246809	29.91456809	0.2121
64	6.055925834	30.13676809	30.34886809	0.2121
65	6.149093923	30.57106809	30.78316809	0.2121
12	1.211185167	30.90536809	31.11746809	0.2121
66	6.242262013	31.33966809	31.55176809	0.2121
67	6.335430103	31.77396809	31.98606809	0.2121
68	6.428598193	32.20826809	32.42036809	0.2121
69	6.521766282	32.64256809	32.85466809	0.2121
70	6.614934372	33.40006809	33.61216809	0.2121
71	6.708102462	33.83436809	34.04646809	0.2121
72	6.801270552	34.26866809	34.48076809	0.2121
73	6.894438641	34.70296809	34.91506809	0.2121
74	6.987606731	35.13726809	35.34936809	0.2121
75	7.080774821	35.57156809	35.78366809	0.2121
76	7.173942911	36.00586809	36.21796809	0.2121
77	7.267111	36.44016809	36.65226809	0.2121
78	7.36027909	36.87446809	37.08656809	0.2121
79	7.45344718	37.30876809	37.52086809	0.2121
80	7.54661527	37.84506809	38.05716809	0.2121
81	7.639783359	38.27936809	38.49146809	0.2121
82	7.732951449	38.71366809	38.92576809	0.2121
83	7.826119539	39.14796809	39.36006809	0.2121
84	7.919287629	39.68426809	39.89636809	0.2121
85	8.012455718	40.11856809	40.33066809	0.2121
86	8.105623808	40.55286809	40.76496809	0.2121
87	8.198791898	40.98716809	41.19926809	0.2121
88	8.291959988	41.42146809	41.63356809	0.2121
89	8.385128077	41.85576809	42.06786809	0.2121
90	8.478296167	42.29006809	42.50216809	0.2121
91	8.571464257	42.72436809	42.93646809	0.2121
92	8.664632347	43.15866809	43.37076809	0.2121
93	8.757800436	43.59296809	43.80506809	0.2121
18	1.770193705	43.92726809	44.13936809	0.2121
94	8.850968526	44.36156809	44.57366809	0.2121
95	8.944136616	44.79586809	45.00796809	0.2121
96	9.037304706	45.23016809	45.44226809	0.2121
97	9.130472795	45.66446809	45.87656809	0.2121
98	9.223640885	46.09876809	46.31086809	0.2121
99	9.316808975	46.53306809	46.74516809	0.2121
20	1.956529885	47.19056809	47.40266809	0.2121
23	2.236034154	47.84806809	48.06016809	0.2121
27	2.608706513	49.15196809	49.36406809	0.2121
30	2.888210782	50.01146809	50.22356809	0.2121
32	3.074546962	50.54776809	50.75986809	0.2121
33	3.167715051	50.88206809	51.09416809	0.2121
43	4.099395949	52.91516809	53.12726809	0.2121
44	4.192564039	53.24946809	53.46156809	0.2121
46	4.378900218	53.78576809	53.99786809	0.2121
47	4.472068308	54.12006809	54.33216809	0.2121
50	4.751572577	54.77756809	54.98966809	0.2121
51	4.844740667	55.11186809	55.32396809	0.2121
----------------------------
SQL DataBase:
0	0.09316809	0.39646809	0.49746809	0.101
1	0.186336179	0.83076809	0.93176809	0.101
2	0.279504269	1.26506809	1.36606809	0.101
3	0.372672359	1.69936809	1.80036809	0.101
4	0.465840449	2.13366809	2.23466809	0.101
5	0.559008538	2.66996809	2.77096809	0.101
6	0.652176628	3.10426809	3.20526809	0.101
7	0.745344718	3.53856809	3.63956809	0.101
8	0.838512808	3.97286809	4.07386809	0.101
9	0.931680897	4.40716809	4.50816809	0.101
10	1.024848987	5.16466809	5.26566809	0.101
11	1.118017077	5.59896809	5.69996809	0.101
12	1.211185167	6.03326809	6.13426809	0.101
13	1.304353256	6.46756809	6.56856809	0.101
14	1.397521346	6.90186809	7.00286809	0.101
15	1.490689436	7.33616809	7.43716809	0.101
16	1.583857526	7.77046809	7.87146809	0.101
17	1.677025615	8.20476809	8.30576809	0.101
18	1.770193705	8.63906809	8.74006809	0.101
3	0.372672359	8.97336809	9.07436809	0.101
19	1.863361795	9.40766809	9.50866809	0.101
20	1.956529885	9.84196809	9.94296809	0.101
21	2.049697974	10.27626809	10.37726809	0.101
22	2.142866064	10.71056809	10.81156809	0.101
23	2.236034154	11.14486809	11.24586809	0.101
24	2.329202244	11.57916809	11.68016809	0.101
25	2.422370333	12.01346809	12.11446809	0.101
26	2.515538423	12.44776809	12.54876809	0.101
27	2.608706513	12.88206809	12.98306809	0.101
28	2.701874603	13.31636809	13.41736809	0.101
29	2.795042692	13.75066809	13.85166809	0.101
30	2.888210782	14.28696809	14.38796809	0.101
31	2.981378872	14.72126809	14.82226809	0.101
32	3.074546962	15.15556809	15.25656809	0.101
33	3.167715051	15.58986809	15.69086809	0.101
6	0.652176628	15.92416809	16.02516809	0.101
34	3.260883141	16.35846809	16.45946809	0.101
35	3.354051231	16.79276809	16.89376809	0.101
36	3.447219321	17.22706809	17.32806809	0.101
37	3.54038741	17.66136809	17.76236809	0.101
38	3.6335555	18.09566809	18.19666809	0.101
39	3.72672359	18.52996809	18.63096809	0.101
40	3.81989168	18.96426809	19.06526809	0.101
41	3.913059769	19.39856809	19.49956809	0.101
42	4.006227859	19.83286809	19.93386809	0.101
43	4.099395949	20.26716809	20.36816809	0.101
44	4.192564039	21.02466809	21.12566809	0.101
45	4.285732128	21.45896809	21.55996809	0.101
46	4.378900218	21.89326809	21.99426809	0.101
47	4.472068308	22.32756809	22.42856809	0.101
48	4.565236398	22.86386809	22.96486809	0.101
49	4.658404487	23.29816809	23.39916809	0.101
50	4.751572577	23.73246809	23.83346809	0.101
51	4.844740667	24.16676809	24.26776809	0.101
52	4.937908757	24.60106809	24.70206809	0.101
53	5.031076846	25.03536809	25.13636809	0.101
54	5.124244936	25.46966809	25.57066809	0.101
55	5.217413026	25.90396809	26.00496809	0.101
56	5.310581116	26.44026809	26.54126809	0.101
57	5.403749205	26.87456809	26.97556809	0.101
58	5.496917295	27.30886809	27.40986809	0.101
59	5.590085385	27.74316809	27.84416809	0.101
60	5.683253475	28.17746809	28.27846809	0.101
61	5.776421564	28.93496809	29.03596809	0.101
62	5.869589654	29.36926809	29.47026809	0.101
63	5.962757744	29.80356809	29.90456809	0.101
64	6.055925834	30.23786809	30.33886809	0.101
65	6.149093923	30.67216809	30.77316809	0.101
12	1.211185167	31.00646809	31.10746809	0.101
66	6.242262013	31.44076809	31.54176809	0.101
67	6.335430103	31.87506809	31.97606809	0.101
68	6.428598193	32.30936809	32.41036809	0.101
69	6.521766282	32.74366809	32.84466809	0.101
70	6.614934372	33.50116809	33.60216809	0.101
71	6.708102462	33.93546809	34.03646809	0.101
72	6.801270552	34.36976809	34.47076809	0.101
73	6.894438641	34.80406809	34.90506809	0.101
74	6.987606731	35.23836809	35.33936809	0.101
75	7.080774821	35.67266809	35.77366809	0.101
76	7.173942911	36.10696809	36.20796809	0.101
77	7.267111	36.54126809	36.64226809	0.101
78	7.36027909	36.97556809	37.07656809	0.101
79	7.45344718	37.40986809	37.51086809	0.101
80	7.54661527	37.94616809	38.04716809	0.101
81	7.639783359	38.38046809	38.48146809	0.101
82	7.732951449	38.81476809	38.91576809	0.101
83	7.826119539	39.24906809	39.35006809	0.101
84	7.919287629	39.78536809	39.88636809	0.101
85	8.012455718	40.21966809	40.32066809	0.101
86	8.105623808	40.65396809	40.75496809	0.101
87	8.198791898	41.08826809	41.18926809	0.101
88	8.291959988	41.52256809	41.62356809	0.101
89	8.385128077	41.95686809	42.05786809	0.101
90	8.478296167	42.39116809	42.49216809	0.101
91	8.571464257	42.82546809	42.92646809	0.101
92	8.664632347	43.25976809	43.36076809	0.101
93	8.757800436	43.69406809	43.79506809	0.101
18	1.770193705	44.02836809	44.12936809	0.101
94	8.850968526	44.46266809	44.56366809	0.101
95	8.944136616	44.89696809	44.99796809	0.101
96	9.037304706	45.33126809	45.43226809	0.101
97	9.130472795	45.76556809	45.86656809	0.101
98	9.223640885	46.19986809	46.30086809	0.101
99	9.316808975	46.63416809	46.73516809	0.101
20	1.956529885	47.29166809	47.39266809	0.101
23	2.236034154	47.94916809	48.05016809	0.101
27	2.608706513	49.25306809	49.35406809	0.101
30	2.888210782	50.11256809	50.21356809	0.101
32	3.074546962	50.64886809	50.74986809	0.101
33	3.167715051	50.98316809	51.08416809	0.101
43	4.099395949	53.01626809	53.11726809	0.101
44	4.192564039	53.35056809	53.45156809	0.101
46	4.378900218	53.88686809	53.98786809	0.101
47	4.472068308	54.22116809	54.32216809	0.101
50	4.751572577	54.87866809	54.97966809	0.101
51	4.844740667	55.21296809	55.31396809	0.101
----------------------------
Printer:
1	0.186336179	4.74036809	4.84136809	0.101
8	0.838512808	20.60036809	20.70136809	0.101
11	1.118017077	28.51066809	28.61166809	0.101
13	1.304353256	33.07686809	33.17786809	0.101
19	1.863361795	46.96736809	47.06836809	0.101
22	2.142866064	47.62486809	47.72586809	0.101
24	2.329202244	48.28236809	48.38336809	0.101
25	2.422370333	48.60556809	48.70656809	0.101
26	2.515538423	48.92876809	49.02976809	0.101
28	2.701874603	49.58626809	49.68726809	0.101
37	3.54038741	51.41836809	51.51936809	0.101
38	3.6335555	51.74156809	51.84256809	0.101
39	3.72672359	52.06476809	52.16576809	0.101
41	3.913059769	52.48996809	52.59096809	0.101
49	4.658404487	54.55436809	54.65536809	0.101
53	5.031076846	55.64816809	55.74916809	0.101
57	5.403749205	56.07336809	56.17436809	0.101
64	6.055925834	56.70056809	56.80156809	0.101
65	6.149093923	57.02376809	57.12476809	0.101
66	6.242262013	57.34696809	57.44796809	0.101
----------------------------
