Controller Server:
0	0.186336179	0.186336179	0.620636179	0.4343
1	0.372672359	0.620636179	1.054936179	0.4343
2	0.559008538	1.054936179	1.489236179	0.4343
3	0.745344718	1.489236179	1.923536179	0.4343
4	0.931680897	1.923536179	2.357836179	0.4343
5	1.118017077	2.357836179	2.792136179	0.4343
6	1.304353256	2.792136179	3.226436179	0.4343
7	1.490689436	3.226436179	3.660736179	0.4343
8	1.677025615	3.660736179	4.095036179	0.4343
9	1.863361795	4.095036179	4.529336179	0.4343
10	2.049697974	4.529336179	4.963636179	0.4343
11	2.236034154	4.963636179	5.397936179	0.4343
12	2.422370333	5.397936179	5.832236179	0.4343
13	2.608706513	5.832236179	6.266536179	0.4343
14	2.795042692	6.266536179	6.700836179	0.4343
15	2.981378872	6.700836179	7.135136179	0.4343
16	3.167715051	7.135136179	7.569436179	0.4343
17	3.354051231	7.569436179	8.003736179	0.4343
18	3.54038741	8.003736179	8.438036179	0.4343
19	3.72672359	8.438036179	8.872336179	0.4343
20	3.913059769	8.872336179	9.306636179	0.4343
21	4.099395949	9.306636179	9.740936179	0.4343
22	4.285732128	9.740936179	10.175236179	0.4343
23	4.472068308	10.175236179	10.609536179	0.4343
24	4.658404487	10.609536179	11.043836179	0.4343
25	4.844740667	11.043836179	11.478136179	0.4343
26	5.031076846	11.478136179	11.912436179	0.4343
27	5.217413026	11.912436179	12.346736179	0.4343
28	5.403749205	12.346736179	12.781036179	0.4343
29	5.590085385	12.781036179	13.215336179	0.4343
30	5.776421564	13.215336179	13.649636179	0.4343
31	5.962757744	13.649636179	14.083936179	0.4343
32	6.149093923	14.083936179	14.518236179	0.4343
33	6.335430103	14.518236179	14.952536179	0.4343
34	6.521766282	14.952536179	15.386836179	0.4343
35	6.708102462	15.386836179	15.821136179	0.4343
36	6.894438641	15.821136179	16.255436179	0.4343
37	7.080774821	16.255436179	16.689736179	0.4343
38	7.267111	16.689736179	17.124036179	0.4343
39	7.45344718	17.124036179	17.558336179	0.4343
40	7.639783359	17.558336179	17.992636179	0.4343
41	7.826119539	17.992636179	18.426936179	0.4343
42	8.012455718	18.426936179	18.861236179	0.4343
43	8.198791898	18.861236179	19.295536179	0.4343
44	8.385128077	19.295536179	19.729836179	0.4343
45	8.571464257	19.729836179	20.164136179	0.4343
46	8.757800436	20.164136179	20.598436179	0.4343
47	8.944136616	20.598436179	21.032736179	0.4343
48	9.130472795	21.032736179	21.467036179	0.4343
49	9.316808975	21.467036179	21.901336179	0.4343
50	9.503145154	21.901336179	22.335636179	0.4343
51	9.689481334	22.335636179	22.769936179	0.4343
52	9.875817513	22.769936179	23.204236179	0.4343
53	10.062153693	23.204236179	23.638536179	0.4343
54	10.248489872	23.638536179	24.072836179	0.4343
55	10.434826052	24.072836179	24.507136179	0.4343
56	10.621162231	24.507136179	24.941436179	0.4343
57	10.807498411	24.941436179	25.375736179	0.4343
58	10.99383459	25.375736179	25.810036179	0.4343
59	11.18017077	25.810036179	26.244336179	0.4343
60	11.366506949	26.244336179	26.678636179	0.4343
61	11.552843129	26.678636179	27.112936179	0.4343
62	11.739179308	27.112936179	27.547236179	0.4343
63	11.925515488	27.547236179	27.981536179	0.4343
64	12.111851667	27.981536179	28.415836179	0.4343
65	12.298187847	28.415836179	28.850136179	0.4343
66	12.484524026	28.850136179	29.284436179	0.4343
67	12.670860206	29.284436179	29.718736179	0.4343
68	12.857196385	29.718736179	30.153036179	0.4343
69	13.043532565	30.153036179	30.587336179	0.4343
70	13.229868744	30.587336179	31.021636179	0.4343
71	13.416204924	31.021636179	31.455936179	0.4343
72	13.602541103	31.455936179	31.890236179	0.4343
73	13.788877283	31.890236179	32.324536179	0.4343
74	13.975213462	32.324536179	32.758836179	0.4343
75	14.161549642	32.758836179	33.193136179	0.4343
76	14.347885821	33.193136179	33.627436179	0.4343
77	14.534222001	33.627436179	34.061736179	0.4343
78	14.72055818	34.061736179	34.496036179	0.4343
79	14.90689436	34.496036179	34.930336179	0.4343
33	6.335430103	34.930336179	35.143436179	0.2131
80	15.093230539	35.143436179	35.577736179	0.4343
81	15.279566719	35.577736179	36.012036179	0.4343
34	6.521766282	36.012036179	36.335236179	0.3232
82	15.465902898	36.335236179	36.769536179	0.4343
83	15.652239078	36.769536179	37.203836179	0.4343
84	15.838575257	37.203836179	37.638136179	0.4343
85	16.024911437	37.638136179	38.072436179	0.4343
86	16.211247616	38.072436179	38.506736179	0.4343
36	6.894438641	38.506736179	38.841036179	0.3343
87	16.397583796	38.841036179	39.275336179	0.4343
88	16.583919975	39.275336179	39.709636179	0.4343
89	16.770256155	39.709636179	40.143936179	0.4343
90	16.956592334	40.143936179	40.578236179	0.4343
38	7.267111	40.578236179	40.791336179	0.2131
91	17.142928514	40.791336179	41.225636179	0.4343
92	17.329264693	41.225636179	41.659936179	0.4343
93	17.515600873	41.659936179	42.094236179	0.4343
39	7.45344718	42.094236179	42.428536179	0.3343
94	17.701937052	42.428536179	42.862836179	0.4343
95	17.888273232	42.862836179	43.297136179	0.4343
96	18.074609411	43.297136179	43.731436179	0.4343
97	18.260945591	43.731436179	44.165736179	0.4343
41	7.826119539	44.165736179	44.488936179	0.3232
98	18.44728177	44.488936179	44.923236179	0.4343
99	18.63361795	44.923236179	45.357536179	0.4343
42	8.012455718	45.357536179	45.570636179	0.2131
43	8.198791898	45.570636179	45.783736179	0.2131
44	8.385128077	45.783736179	46.106936179	0.3232
45	8.571464257	46.106936179	46.441236179	0.3343
46	8.757800436	46.441236179	46.764436179	0.3232
48	9.130472795	46.764436179	46.977536179	0.2131
49	9.316808975	46.977536179	47.190636179	0.2131
51	9.689481334	47.190636179	47.524936179	0.3343
52	9.875817513	47.524936179	47.848136179	0.3232
53	10.062153693	47.848136179	48.182436179	0.3343
55	10.434826052	48.182436179	48.505636179	0.3232
56	10.621162231	48.505636179	48.839936179	0.3343
57	10.807498411	48.839936179	49.163136179	0.3232
58	10.99383459	49.163136179	49.486336179	0.3232
59	11.18017077	49.486336179	49.809536179	0.3232
60	11.366506949	49.809536179	50.143836179	0.3343
61	11.552843129	50.143836179	50.467036179	0.3232
62	11.739179308	50.467036179	50.680136179	0.2131
63	11.925515488	50.680136179	51.014436179	0.3343
64	12.111851667	51.014436179	51.227536179	0.2131
65	12.298187847	51.227536179	51.561836179	0.3343
66	12.484524026	51.561836179	51.896136179	0.3343
67	12.670860206	51.896136179	52.109236179	0.2131
70	13.229868744	52.109236179	52.432436179	0.3232
71	13.416204924	52.432436179	52.755636179	0.3232
72	13.602541103	52.755636179	53.078836179	0.3232
73	13.788877283	53.078836179	53.291936179	0.2131
74	13.975213462	53.291936179	53.615136179	0.3232
75	14.161549642	53.615136179	53.828236179	0.2131
76	14.347885821	53.828236179	54.162536179	0.3343
77	14.534222001	54.162536179	54.496836179	0.3343
78	14.72055818	54.496836179	54.709936179	0.2131
79	14.90689436	54.709936179	55.044236179	0.3343
80	15.093230539	55.044236179	55.378536179	0.3343
82	15.465902898	55.378536179	55.701736179	0.3232
83	15.652239078	55.701736179	56.036036179	0.3343
84	15.838575257	56.036036179	56.370336179	0.3343
85	16.024911437	56.370336179	56.583436179	0.2131
86	16.211247616	56.583436179	56.906636179	0.3232
87	16.397583796	56.906636179	57.119736179	0.2131
90	16.956592334	57.119736179	57.442936179	0.3232
93	17.515600873	57.442936179	57.656036179	0.2131
95	17.888273232	57.656036179	57.869136179	0.2131
97	18.260945591	57.869136179	58.192336179	0.3232
98	18.44728177	58.192336179	58.515536179	0.3232
99	18.63361795	58.515536179	58.838736179	0.3232
----------------------------
Service Server:
0	0.186336179	0.287436179	0.610636179	0.3232
1	0.372672359	0.721736179	1.044936179	0.3232
2	0.559008538	1.156036179	1.479236179	0.3232
3	0.745344718	1.590336179	1.913536179	0.3232
4	0.931680897	2.024636179	2.347836179	0.3232
5	1.118017077	2.458936179	2.782136179	0.3232
6	1.304353256	2.893236179	3.216436179	0.3232
7	1.490689436	3.327536179	3.650736179	0.3232
8	1.677025615	3.761836179	4.085036179	0.3232
9	1.863361795	4.196136179	4.519336179	0.3232
10	2.049697974	4.630436179	4.953636179	0.3232
11	2.236034154	5.064736179	5.387936179	0.3232
12	2.422370333	5.499036179	5.822236179	0.3232
13	2.608706513	5.933336179	6.256536179	0.3232
14	2.795042692	6.367636179	6.690836179	0.3232
15	2.981378872	6.801936179	7.125136179	0.3232
16	3.167715051	7.236236179	7.559436179	0.3232
17	3.354051231	7.670536179	7.993736179	0.3232
18	3.54038741	8.104836179	8.428036179	0.3232
19	3.72672359	8.539136179	8.862336179	0.3232
20	3.913059769	8.973436179	9.296636179	0.3232
21	4.099395949	9.407736179	9.730936179	0.3232
22	4.285732128	9.842036179	10.165236179	0.3232
23	4.472068308	10.276336179	10.599536179	0.3232
24	4.658404487	10.710636179	11.033836179	0.3232
25	4.844740667	11.144936179	11.468136179	0.3232
26	5.031076846	11.579236179	11.902436179	0.3232
27	5.217413026	12.013536179	12.336736179	0.3232
28	5.403749205	12.447836179	12.771036179	0.3232
29	5.590085385	12.882136179	13.205336179	0.3232
30	5.776421564	13.316436179	13.639636179	0.3232
31	5.962757744	13.750736179	14.073936179	0.3232
32	6.149093923	14.185036179	14.508236179	0.3232
33	6.335430103	14.619336179	14.942536179	0.3232
34	6.521766282	15.053636179	15.376836179	0.3232
35	6.708102462	15.487936179	15.811136179	0.3232
36	6.894438641	15.922236179	16.245436179	0.3232
37	7.080774821	16.356536179	16.679736179	0.3232
38	7.267111	16.790836179	17.114036179	0.3232
39	7.45344718	17.225136179	17.548336179	0.3232
40	7.639783359	17.659436179	17.982636179	0.3232
41	7.826119539	18.093736179	18.416936179	0.3232
42	8.012455718	18.528036179	18.851236179	0.3232
43	8.198791898	18.962336179	19.285536179	0.3232
44	8.385128077	19.396636179	19.719836179	0.3232
45	8.571464257	19.830936179	20.154136179	0.3232
46	8.757800436	20.265236179	20.588436179	0.3232
47	8.944136616	20.699536179	21.022736179	0.3232
48	9.130472795	21.133836179	21.457036179	0.3232
49	9.316808975	21.568136179	21.891336179	0.3232
50	9.503145154	22.002436179	22.325636179	0.3232
51	9.689481334	22.436736179	22.759936179	0.3232
52	9.875817513	22.871036179	23.194236179	0.3232
53	10.062153693	23.305336179	23.628536179	0.3232
54	10.248489872	23.739636179	24.062836179	0.3232
55	10.434826052	24.173936179	24.497136179	0.3232
56	10.621162231	24.608236179	24.931436179	0.3232
57	10.807498411	25.042536179	25.365736179	0.3232
58	10.99383459	25.476836179	25.800036179	0.3232
59	11.18017077	25.911136179	26.234336179	0.3232
60	11.366506949	26.345436179	26.668636179	0.3232
61	11.552843129	26.779736179	27.102936179	0.3232
62	11.739179308	27.214036179	27.537236179	0.3232
63	11.925515488	27.648336179	27.971536179	0.3232
64	12.111851667	28.082636179	28.405836179	0.3232
65	12.298187847	28.516936179	28.840136179	0.3232
66	12.484524026	28.951236179	29.274436179	0.3232
67	12.670860206	29.385536179	29.708736179	0.3232
68	12.857196385	29.819836179	30.143036179	0.3232
69	13.043532565	30.254136179	30.577336179	0.3232
70	13.229868744	30.688436179	31.011636179	0.3232
71	13.416204924	31.122736179	31.445936179	0.3232
72	13.602541103	31.557036179	31.880236179	0.3232
73	13.788877283	31.991336179	32.314536179	0.3232
74	13.975213462	32.425636179	32.748836179	0.3232
75	14.161549642	32.859936179	33.183136179	0.3232
76	14.347885821	33.294236179	33.617436179	0.3232
77	14.534222001	33.728536179	34.051736179	0.3232
78	14.72055818	34.162836179	34.486036179	0.3232
79	14.90689436	34.597136179	34.920336179	0.3232
33	6.335430103	34.931436179	35.032436179	0.101
33	6.335430103	35.032436179	35.133436179	0.101
80	15.093230539	35.244536179	35.567736179	0.3232
81	15.279566719	35.678836179	36.002036179	0.3232
34	6.521766282	36.113136179	36.325236179	0.2121
82	15.465902898	36.436336179	36.759536179	0.3232
83	15.652239078	36.870636179	37.193836179	0.3232
84	15.838575257	37.304936179	37.628136179	0.3232
85	16.024911437	37.739236179	38.062436179	0.3232
86	16.211247616	38.173536179	38.496736179	0.3232
36	6.894438641	38.507836179	38.831036179	0.3232
87	16.397583796	38.942136179	39.265336179	0.3232
88	16.583919975	39.376436179	39.699636179	0.3232
89	16.770256155	39.810736179	40.133936179	0.3232
90	16.956592334	40.245036179	40.568236179	0.3232
38	7.267111	40.579336179	40.680336179	0.101
38	7.267111	40.680336179	40.781336179	0.101
91	17.142928514	40.892436179	41.215636179	0.3232
92	17.329264693	41.326736179	41.649936179	0.3232
93	17.515600873	41.761036179	42.084236179	0.3232
39	7.45344718	42.095336179	42.418536179	0.3232
94	17.701937052	42.529636179	42.852836179	0.3232
95	17.888273232	42.963936179	43.287136179	0.3232
96	18.074609411	43.398236179	43.721436179	0.3232
97	18.260945591	43.832536179	44.155736179	0.3232
41	7.826119539	44.266836179	44.478936179	0.2121
98	18.44728177	44.590036179	44.913236179	0.3232
99	18.63361795	45.024336179	45.347536179	0.3232
42	8.012455718	45.358636179	45.459636179	0.101
42	8.012455718	45.459636179	45.560636179	0.101
43	8.198791898	45.571736179	45.672736179	0.101
43	8.198791898	45.672736179	45.773736179	0.101
44	8.385128077	45.884836179	46.096936179	0.2121
45	8.571464257	46.108036179	46.431236179	0.3232
46	8.757800436	46.542336179	46.754436179	0.2121
48	9.130472795	46.765536179	46.866536179	0.101
48	9.130472795	46.866536179	46.967536179	0.101
49	9.316808975	46.978636179	47.079636179	0.101
49	9.316808975	47.079636179	47.180636179	0.101
51	9.689481334	47.191736179	47.514936179	0.3232
52	9.875817513	47.626036179	47.838136179	0.2121
53	10.062153693	47.849236179	48.172436179	0.3232
55	10.434826052	48.283536179	48.495636179	0.2121
56	10.621162231	48.506736179	48.829936179	0.3232
57	10.807498411	48.941036179	49.153136179	0.2121
58	10.99383459	49.264236179	49.476336179	0.2121
59	11.18017077	49.587436179	49.799536179	0.2121
60	11.366506949	49.810636179	50.133836179	0.3232
61	11.552843129	50.244936179	50.457036179	0.2121
62	11.739179308	50.468136179	50.569136179	0.101
62	11.739179308	50.569136179	50.670136179	0.101
63	11.925515488	50.681236179	51.004436179	0.3232
64	12.111851667	51.015536179	51.116536179	0.101
64	12.111851667	51.116536179	51.217536179	0.101
65	12.298187847	51.228636179	51.551836179	0.3232
66	12.484524026	51.562936179	51.886136179	0.3232
67	12.670860206	51.897236179	51.998236179	0.101
67	12.670860206	51.998236179	52.099236179	0.101
70	13.229868744	52.210336179	52.422436179	0.2121
71	13.416204924	52.533536179	52.745636179	0.2121
72	13.602541103	52.856736179	53.068836179	0.2121
73	13.788877283	53.079936179	53.180936179	0.101
73	13.788877283	53.180936179	53.281936179	0.101
74	13.975213462	53.393036179	53.605136179	0.2121
75	14.161549642	53.616236179	53.717236179	0.101
75	14.161549642	53.717236179	53.818236179	0.101
76	14.347885821	53.829336179	54.152536179	0.3232
77	14.534222001	54.163636179	54.486836179	0.3232
78	14.72055818	54.497936179	54.598936179	0.101
78	14.72055818	54.598936179	54.699936179	0.101
79	14.90689436	54.711036179	55.034236179	0.3232
80	15.093230539	55.045336179	55.368536179	0.3232
82	15.465902898	55.479636179	55.691736179	0.2121
83	15.652239078	55.702836179	56.026036179	0.3232
84	15.838575257	56.037136179	56.360336179	0.3232
85	16.024911437	56.371436179	56.472436179	0.101
85	16.024911437	56.472436179	56.573436179	0.101
86	16.211247616	56.684536179	56.896636179	0.2121
87	16.397583796	56.907736179	57.008736179	0.101
87	16.397583796	57.008736179	57.109736179	0.101
90	16.956592334	57.220836179	57.432936179	0.2121
93	17.515600873	57.444036179	57.545036179	0.101
93	17.515600873	57.545036179	57.646036179	0.101
95	17.888273232	57.657136179	57.758136179	0.101
95	17.888273232	57.758136179	57.859136179	0.101
97	18.260945591	57.970236179	58.182336179	0.2121
98	18.44728177	58.293436179	58.505536179	0.2121
99	18.63361795	58.616636179	58.828736179	0.2121
----------------------------
DAO Server:
0	0.186336179	0.388536179	0.600636179	0.2121
1	0.372672359	0.822836179	1.034936179	0.2121
2	0.559008538	1.257136179	1.469236179	0.2121
3	0.745344718	1.691436179	1.903536179	0.2121
4	0.931680897	2.125736179	2.337836179	0.2121
5	1.118017077	2.560036179	2.772136179	0.2121
6	1.304353256	2.994336179	3.206436179	0.2121
7	1.490689436	3.428636179	3.640736179	0.2121
8	1.677025615	3.862936179	4.075036179	0.2121
9	1.863361795	4.297236179	4.509336179	0.2121
10	2.049697974	4.731536179	4.943636179	0.2121
11	2.236034154	5.165836179	5.377936179	0.2121
12	2.422370333	5.600136179	5.812236179	0.2121
13	2.608706513	6.034436179	6.246536179	0.2121
14	2.795042692	6.468736179	6.680836179	0.2121
15	2.981378872	6.903036179	7.115136179	0.2121
16	3.167715051	7.337336179	7.549436179	0.2121
17	3.354051231	7.771636179	7.983736179	0.2121
18	3.54038741	8.205936179	8.418036179	0.2121
19	3.72672359	8.640236179	8.852336179	0.2121
20	3.913059769	9.074536179	9.286636179	0.2121
21	4.099395949	9.508836179	9.720936179	0.2121
22	4.285732128	9.943136179	10.155236179	0.2121
23	4.472068308	10.377436179	10.589536179	0.2121
24	4.658404487	10.811736179	11.023836179	0.2121
25	4.844740667	11.246036179	11.458136179	0.2121
26	5.031076846	11.680336179	11.892436179	0.2121
27	5.217413026	12.114636179	12.326736179	0.2121
28	5.403749205	12.548936179	12.761036179	0.2121
29	5.590085385	12.983236179	13.195336179	0.2121
30	5.776421564	13.417536179	13.629636179	0.2121
31	5.962757744	13.851836179	14.063936179	0.2121
32	6.149093923	14.286136179	14.498236179	0.2121
33	6.335430103	14.720436179	14.932536179	0.2121
34	6.521766282	15.154736179	15.366836179	0.2121
35	6.708102462	15.589036179	15.801136179	0.2121
36	6.894438641	16.023336179	16.235436179	0.2121
37	7.080774821	16.457636179	16.669736179	0.2121
38	7.267111	16.891936179	17.104036179	0.2121
39	7.45344718	17.326236179	17.538336179	0.2121
40	7.639783359	17.760536179	17.972636179	0.2121
41	7.826119539	18.194836179	18.406936179	0.2121
42	8.012455718	18.629136179	18.841236179	0.2121
43	8.198791898	19.063436179	19.275536179	0.2121
44	8.385128077	19.497736179	19.709836179	0.2121
45	8.571464257	19.932036179	20.144136179	0.2121
46	8.757800436	20.366336179	20.578436179	0.2121
47	8.944136616	20.800636179	21.012736179	0.2121
48	9.130472795	21.234936179	21.447036179	0.2121
49	9.316808975	21.669236179	21.881336179	0.2121
50	9.503145154	22.103536179	22.315636179	0.2121
51	9.689481334	22.537836179	22.749936179	0.2121
52	9.875817513	22.972136179	23.184236179	0.2121
53	10.062153693	23.406436179	23.618536179	0.2121
54	10.248489872	23.840736179	24.052836179	0.2121
55	10.434826052	24.275036179	24.487136179	0.2121
56	10.621162231	24.709336179	24.921436179	0.2121
57	10.807498411	25.143636179	25.355736179	0.2121
58	10.99383459	25.577936179	25.790036179	0.2121
59	11.18017077	26.012236179	26.224336179	0.2121
60	11.366506949	26.446536179	26.658636179	0.2121
61	11.552843129	26.880836179	27.092936179	0.2121
62	11.739179308	27.315136179	27.527236179	0.2121
63	11.925515488	27.749436179	27.961536179	0.2121
64	12.111851667	28.183736179	28.395836179	0.2121
65	12.298187847	28.618036179	28.830136179	0.2121
66	12.484524026	29.052336179	29.264436179	0.2121
67	12.670860206	29.486636179	29.698736179	0.2121
68	12.857196385	29.920936179	30.133036179	0.2121
69	13.043532565	30.355236179	30.567336179	0.2121
70	13.229868744	30.789536179	31.001636179	0.2121
71	13.416204924	31.223836179	31.435936179	0.2121
72	13.602541103	31.658136179	31.870236179	0.2121
73	13.788877283	32.092436179	32.304536179	0.2121
74	13.975213462	32.526736179	32.738836179	0.2121
75	14.161549642	32.961036179	33.173136179	0.2121
76	14.347885821	33.395336179	33.607436179	0.2121
77	14.534222001	33.829636179	34.041736179	0.2121
78	14.72055818	34.263936179	34.476036179	0.2121
79	14.90689436	34.698236179	34.910336179	0.2121
80	15.093230539	35.345636179	35.557736179	0.2121
81	15.279566719	35.779936179	35.992036179	0.2121
82	15.465902898	36.537436179	36.749536179	0.2121
83	15.652239078	36.971736179	37.183836179	0.2121
84	15.838575257	37.406036179	37.618136179	0.2121
85	16.024911437	37.840336179	38.052436179	0.2121
86	16.211247616	38.274636179	38.486736179	0.2121
36	6.894438641	38.608936179	38.821036179	0.2121
87	16.397583796	39.043236179	39.255336179	0.2121
88	16.583919975	39.477536179	39.689636179	0.2121
89	16.770256155	39.911836179	40.123936179	0.2121
90	16.956592334	40.346136179	40.558236179	0.2121
91	17.142928514	40.993536179	41.205636179	0.2121
92	17.329264693	41.427836179	41.639936179	0.2121
93	17.515600873	41.862136179	42.074236179	0.2121
39	7.45344718	42.196436179	42.408536179	0.2121
94	17.701937052	42.630736179	42.842836179	0.2121
95	17.888273232	43.065036179	43.277136179	0.2121
96	18.074609411	43.499336179	43.711436179	0.2121
97	18.260945591	43.933636179	44.145736179	0.2121
98	18.44728177	44.691136179	44.903236179	0.2121
99	18.63361795	45.125436179	45.337536179	0.2121
45	8.571464257	46.209136179	46.421236179	0.2121
51	9.689481334	47.292836179	47.504936179	0.2121
53	10.062153693	47.950336179	48.162436179	0.2121
56	10.621162231	48.607836179	48.819936179	0.2121
60	11.366506949	49.911736179	50.123836179	0.2121
63	11.925515488	50.782336179	50.994436179	0.2121
65	12.298187847	51.329736179	51.541836179	0.2121
66	12.484524026	51.664036179	51.876136179	0.2121
76	14.347885821	53.930436179	54.142536179	0.2121
77	14.534222001	54.264736179	54.476836179	0.2121
79	14.90689436	54.812136179	55.024236179	0.2121
80	15.093230539	55.146436179	55.358536179	0.2121
83	15.652239078	55.803936179	56.016036179	0.2121
84	15.838575257	56.138236179	56.350336179	0.2121
----------------------------
SQL DataBase:
0	0.186336179	0.489636179	0.590636179	0.101
1	0.372672359	0.923936179	1.024936179	0.101
2	0.559008538	1.358236179	1.459236179	0.101
3	0.745344718	1.792536179	1.893536179	0.101
4	0.931680897	2.226836179	2.327836179	0.101
5	1.118017077	2.661136179	2.762136179	0.101
6	1.304353256	3.095436179	3.196436179	0.101
7	1.490689436	3.529736179	3.630736179	0.101
8	1.677025615	3.964036179	4.065036179	0.101
9	1.863361795	4.398336179	4.499336179	0.101
10	2.049697974	4.832636179	4.933636179	0.101
11	2.236034154	5.266936179	5.367936179	0.101
12	2.422370333	5.701236179	5.802236179	0.101
13	2.608706513	6.135536179	6.236536179	0.101
14	2.795042692	6.569836179	6.670836179	0.101
15	2.981378872	7.004136179	7.105136179	0.101
16	3.167715051	7.438436179	7.539436179	0.101
17	3.354051231	7.872736179	7.973736179	0.101
18	3.54038741	8.307036179	8.408036179	0.101
19	3.72672359	8.741336179	8.842336179	0.101
20	3.913059769	9.175636179	9.276636179	0.101
21	4.099395949	9.609936179	9.710936179	0.101
22	4.285732128	10.044236179	10.145236179	0.101
23	4.472068308	10.478536179	10.579536179	0.101
24	4.658404487	10.912836179	11.013836179	0.101
25	4.844740667	11.347136179	11.448136179	0.101
26	5.031076846	11.781436179	11.882436179	0.101
27	5.217413026	12.215736179	12.316736179	0.101
28	5.403749205	12.650036179	12.751036179	0.101
29	5.590085385	13.084336179	13.185336179	0.101
30	5.776421564	13.518636179	13.619636179	0.101
31	5.962757744	13.952936179	14.053936179	0.101
32	6.149093923	14.387236179	14.488236179	0.101
33	6.335430103	14.821536179	14.922536179	0.101
34	6.521766282	15.255836179	15.356836179	0.101
35	6.708102462	15.690136179	15.791136179	0.101
36	6.894438641	16.124436179	16.225436179	0.101
37	7.080774821	16.558736179	16.659736179	0.101
38	7.267111	16.993036179	17.094036179	0.101
39	7.45344718	17.427336179	17.528336179	0.101
40	7.639783359	17.861636179	17.962636179	0.101
41	7.826119539	18.295936179	18.396936179	0.101
42	8.012455718	18.730236179	18.831236179	0.101
43	8.198791898	19.164536179	19.265536179	0.101
44	8.385128077	19.598836179	19.699836179	0.101
45	8.571464257	20.033136179	20.134136179	0.101
46	8.757800436	20.467436179	20.568436179	0.101
47	8.944136616	20.901736179	21.002736179	0.101
48	9.130472795	21.336036179	21.437036179	0.101
49	9.316808975	21.770336179	21.871336179	0.101
50	9.503145154	22.204636179	22.305636179	0.101
51	9.689481334	22.638936179	22.739936179	0.101
52	9.875817513	23.073236179	23.174236179	0.101
53	10.062153693	23.507536179	23.608536179	0.101
54	10.248489872	23.941836179	24.042836179	0.101
55	10.434826052	24.376136179	24.477136179	0.101
56	10.621162231	24.810436179	24.911436179	0.101
57	10.807498411	25.244736179	25.345736179	0.101
58	10.99383459	25.679036179	25.780036179	0.101
59	11.18017077	26.113336179	26.214336179	0.101
60	11.366506949	26.547636179	26.648636179	0.101
61	11.552843129	26.981936179	27.082936179	0.101
62	11.739179308	27.416236179	27.517236179	0.101
63	11.925515488	27.850536179	27.951536179	0.101
64	12.111851667	28.284836179	28.385836179	0.101
65	12.298187847	28.719136179	28.820136179	0.101
66	12.484524026	29.153436179	29.254436179	0.101
67	12.670860206	29.587736179	29.688736179	0.101
68	12.857196385	30.022036179	30.123036179	0.101
69	13.043532565	30.456336179	30.557336179	0.101
70	13.229868744	30.890636179	30.991636179	0.101
71	13.416204924	31.324936179	31.425936179	0.101
72	13.602541103	31.759236179	31.860236179	0.101
73	13.788877283	32.193536179	32.294536179	0.101
74	13.975213462	32.627836179	32.728836179	0.101
75	14.161549642	33.062136179	33.163136179	0.101
76	14.347885821	33.496436179	33.597436179	0.101
77	14.534222001	33.930736179	34.031736179	0.101
78	14.72055818	34.365036179	34.466036179	0.101
79	14.90689436	34.799336179	34.900336179	0.101
80	15.093230539	35.446736179	35.547736179	0.101
81	15.279566719	35.881036179	35.982036179	0.101
82	15.465902898	36.638536179	36.739536179	0.101
83	15.652239078	37.072836179	37.173836179	0.101
84	15.838575257	37.507136179	37.608136179	0.101
85	16.024911437	37.941436179	38.042436179	0.101
86	16.211247616	38.375736179	38.476736179	0.101
36	6.894438641	38.710036179	38.811036179	0.101
87	16.397583796	39.144336179	39.245336179	0.101
88	16.583919975	39.578636179	39.679636179	0.101
89	16.770256155	40.012936179	40.113936179	0.101
90	16.956592334	40.447236179	40.548236179	0.101
91	17.142928514	41.094636179	41.195636179	0.101
92	17.329264693	41.528936179	41.629936179	0.101
93	17.515600873	41.963236179	42.064236179	0.101
39	7.45344718	42.297536179	42.398536179	0.101
94	17.701937052	42.731836179	42.832836179	0.101
95	17.888273232	43.166136179	43.267136179	0.101
96	18.074609411	43.600436179	43.701436179	0.101
97	18.260945591	44.034736179	44.135736179	0.101
98	18.44728177	44.792236179	44.893236179	0.101
99	18.63361795	45.226536179	45.327536179	0.101
45	8.571464257	46.310236179	46.411236179	0.101
51	9.689481334	47.393936179	47.494936179	0.101
53	10.062153693	48.051436179	48.152436179	0.101
56	10.621162231	48.708936179	48.809936179	0.101
60	11.366506949	50.012836179	50.113836179	0.101
63	11.925515488	50.883436179	50.984436179	0.101
65	12.298187847	51.430836179	51.531836179	0.101
66	12.484524026	51.765136179	51.866136179	0.101
76	14.347885821	54.031536179	54.132536179	0.101
77	14.534222001	54.365836179	54.466836179	0.101
79	14.90689436	54.913236179	55.014236179	0.101
80	15.093230539	55.247536179	55.348536179	0.101
83	15.652239078	55.905036179	56.006036179	0.101
84	15.838575257	56.239336179	56.340336179	0.101
----------------------------
Printer:
34	6.521766282	36.214236179	36.315236179	0.101
41	7.826119539	44.367936179	44.468936179	0.101
44	8.385128077	45.985936179	46.086936179	0.101
46	8.757800436	46.643436179	46.744436179	0.101
52	9.875817513	47.727136179	47.828136179	0.101
55	10.434826052	48.384636179	48.485636179	0.101
57	10.807498411	49.042136179	49.143136179	0.101
58	10.99383459	49.365336179	49.466336179	0.101
59	11.18017077	49.688536179	49.789536179	0.101
61	11.552843129	50.346036179	50.447036179	0.101
70	13.229868744	52.311436179	52.412436179	0.101
71	13.416204924	52.634636179	52.735636179	0.101
72	13.602541103	52.957836179	53.058836179	0.101
74	13.975213462	53.494136179	53.595136179	0.101
82	15.465902898	55.580736179	55.681736179	0.101
86	16.211247616	56.785636179	56.886636179	0.101
90	16.956592334	57.321936179	57.422936179	0.101
97	18.260945591	58.071336179	58.172336179	0.101
98	18.44728177	58.394536179	58.495536179	0.101
99	18.63361795	58.717736179	58.818736179	0.101
----------------------------
