Controller Server:
0	0.186336179	0.186336179	0.620636179	0.4343
1	0.372672359	0.620636179	1.054936179	0.4343
2	0.559008538	1.054936179	1.489236179	0.4343
0	0.186336179	1.489236179	1.490236179	0.001
3	0.745344718	1.490236179	1.924536179	0.4343
4	0.931680897	1.924536179	2.358836179	0.4343
1	0.372672359	2.358836179	2.682036179	0.3232
5	1.118017077	2.682036179	3.116336179	0.4343
6	1.304353256	3.116336179	3.550636179	0.4343
0	0.186336179	3.550636179	3.551636179	0.001
7	1.490689436	3.551636179	3.985936179	0.4343
8	1.677025615	3.985936179	4.420236179	0.4343
9	1.863361795	4.420236179	4.854536179	0.4343
3	0.745344718	4.854536179	5.188836179	0.3343
10	2.049697974	5.188836179	5.623136179	0.4343
11	2.236034154	5.623136179	6.057436179	0.4343
12	2.422370333	6.057436179	6.491736179	0.4343
13	2.608706513	6.491736179	6.926036179	0.4343
14	2.795042692	6.926036179	7.360336179	0.4343
15	2.981378872	7.360336179	7.794636179	0.4343
5	1.118017077	7.794636179	7.795636179	0.001
16	3.167715051	7.795636179	8.229936179	0.4343
17	3.354051231	8.229936179	8.664236179	0.4343
18	3.54038741	8.664236179	9.098536179	0.4343
6	1.304353256	9.098536179	9.432836179	0.3343
19	3.72672359	9.432836179	9.867136179	0.4343
20	3.913059769	9.867136179	10.301436179	0.4343
21	4.099395949	10.301436179	10.735736179	0.4343
22	4.285732128	10.735736179	11.170036179	0.4343
8	1.677025615	11.170036179	11.493236179	0.3232
23	4.472068308	11.493236179	11.927536179	0.4343
24	4.658404487	11.927536179	12.361836179	0.4343
25	4.844740667	12.361836179	12.796136179	0.4343
9	1.863361795	12.796136179	12.797136179	0.001
26	5.031076846	12.797136179	13.231436179	0.4343
27	5.217413026	13.231436179	13.665736179	0.4343
28	5.403749205	13.665736179	14.100036179	0.4343
29	5.590085385	14.100036179	14.534336179	0.4343
10	2.049697974	14.534336179	14.535336179	0.001
30	5.776421564	14.535336179	14.969636179	0.4343
31	5.962757744	14.969636179	15.403936179	0.4343
11	2.236034154	15.403936179	15.727136179	0.3232
32	6.149093923	15.727136179	16.161436179	0.4343
33	6.335430103	16.161436179	16.595736179	0.4343
12	2.422370333	16.595736179	16.930036179	0.3343
34	6.521766282	16.930036179	17.364336179	0.4343
35	6.708102462	17.364336179	17.798636179	0.4343
36	6.894438641	17.798636179	18.232936179	0.4343
13	2.608706513	18.232936179	18.556136179	0.3232
37	7.080774821	18.556136179	18.990436179	0.4343
38	7.267111	18.990436179	19.424736179	0.4343
39	7.45344718	19.424736179	19.859036179	0.4343
40	7.639783359	19.859036179	20.293336179	0.4343
15	2.981378872	20.293336179	20.294336179	0.001
5	1.118017077	20.294336179	20.295336179	0.001
41	7.826119539	20.295336179	20.829636179	0.5343
42	8.012455718	20.829636179	21.263936179	0.4343
43	8.198791898	21.263936179	21.698236179	0.4343
16	3.167715051	21.698236179	21.699236179	0.001
44	8.385128077	21.699236179	22.133536179	0.4343
45	8.571464257	22.133536179	22.567836179	0.4343
46	8.757800436	22.567836179	23.002136179	0.4343
47	8.944136616	23.002136179	23.436436179	0.4343
18	3.54038741	23.436436179	23.770736179	0.3343
48	9.130472795	23.770736179	24.205036179	0.4343
49	9.316808975	24.205036179	24.639336179	0.4343
50	9.503145154	24.639336179	25.073636179	0.4343
51	9.689481334	25.073636179	25.507936179	0.4343
19	3.72672359	25.507936179	25.831136179	0.3232
52	9.875817513	25.831136179	26.265436179	0.4343
53	10.062153693	26.265436179	26.699736179	0.4343
54	10.248489872	26.699736179	27.134036179	0.4343
20	3.913059769	27.134036179	27.468336179	0.3343
55	10.434826052	27.468336179	27.902636179	0.4343
56	10.621162231	27.902636179	28.336936179	0.4343
57	10.807498411	28.336936179	28.771236179	0.4343
58	10.99383459	28.771236179	29.205536179	0.4343
22	4.285732128	29.205536179	29.528736179	0.3232
59	11.18017077	29.528736179	29.963036179	0.4343
60	11.366506949	29.963036179	30.397336179	0.4343
61	11.552843129	30.397336179	30.831636179	0.4343
62	11.739179308	30.831636179	31.265936179	0.4343
63	11.925515488	31.265936179	31.700236179	0.4343
23	4.472068308	31.700236179	32.034536179	0.3343
64	12.111851667	32.034536179	32.468836179	0.4343
65	12.298187847	32.468836179	32.903136179	0.4343
24	4.658404487	32.903136179	33.226336179	0.3232
66	12.484524026	33.226336179	33.660636179	0.4343
67	12.670860206	33.660636179	34.094936179	0.4343
25	4.844740667	34.094936179	34.418136179	0.3232
9	1.863361795	34.418136179	34.419136179	0.001
68	12.857196385	34.419136179	34.853436179	0.4343
69	13.043532565	34.853436179	35.287736179	0.4343
70	13.229868744	35.287736179	35.722036179	0.4343
26	5.031076846	35.722036179	36.045236179	0.3232
71	13.416204924	36.045236179	36.479536179	0.4343
72	13.602541103	36.479536179	36.913836179	0.4343
27	5.217413026	36.913836179	37.248136179	0.3343
73	13.788877283	37.248136179	37.682436179	0.4343
74	13.975213462	37.682436179	38.116736179	0.4343
28	5.403749205	38.116736179	38.439936179	0.3232
75	14.161549642	38.439936179	38.874236179	0.4343
76	14.347885821	38.874236179	39.308536179	0.4343
77	14.534222001	39.308536179	39.742836179	0.4343
29	5.590085385	39.742836179	39.743836179	0.001
10	2.049697974	39.743836179	39.744836179	0.001
78	14.72055818	39.744836179	40.279136179	0.5343
79	14.90689436	40.279136179	40.713436179	0.4343
30	5.776421564	40.713436179	41.047736179	0.3343
80	15.093230539	41.047736179	41.482036179	0.4343
81	15.279566719	41.482036179	41.916336179	0.4343
31	5.962757744	41.916336179	41.917336179	0.001
82	15.465902898	41.917336179	42.351636179	0.4343
83	15.652239078	42.351636179	42.785936179	0.4343
84	15.838575257	42.785936179	43.220236179	0.4343
85	16.024911437	43.220236179	43.654536179	0.4343
32	6.149093923	43.654536179	43.988836179	0.3343
86	16.211247616	43.988836179	44.423136179	0.4343
87	16.397583796	44.423136179	44.857436179	0.4343
88	16.583919975	44.857436179	45.291736179	0.4343
33	6.335430103	45.291736179	45.626036179	0.3343
89	16.770256155	45.626036179	46.060336179	0.4343
90	16.956592334	46.060336179	46.494636179	0.4343
91	17.142928514	46.494636179	46.928936179	0.4343
92	17.329264693	46.928936179	47.363236179	0.4343
34	6.521766282	47.363236179	47.364236179	0.001
93	17.515600873	47.364236179	47.798536179	0.4343
94	17.701937052	47.798536179	48.232836179	0.4343
95	17.888273232	48.232836179	48.667136179	0.4343
96	18.074609411	48.667136179	49.101436179	0.4343
97	18.260945591	49.101436179	49.535736179	0.4343
98	18.44728177	49.535736179	49.970036179	0.4343
99	18.63361795	49.970036179	50.404336179	0.4343
37	7.080774821	50.404336179	50.727536179	0.3232
38	7.267111	50.727536179	51.050736179	0.3232
39	7.45344718	51.050736179	51.373936179	0.3232
40	7.639783359	51.373936179	51.374936179	0.001
15	2.981378872	51.374936179	51.375936179	0.001
41	7.826119539	51.375936179	51.799136179	0.4232
42	8.012455718	51.799136179	51.800136179	0.001
43	8.198791898	51.800136179	52.234436179	0.4343
16	3.167715051	52.234436179	52.235436179	0.001
44	8.385128077	52.235436179	52.669736179	0.4343
45	8.571464257	52.669736179	52.670736179	0.001
46	8.757800436	52.670736179	53.105036179	0.4343
47	8.944136616	53.105036179	53.439336179	0.3343
49	9.316808975	53.439336179	53.762536179	0.3232
50	9.503145154	53.762536179	54.096836179	0.3343
51	9.689481334	54.096836179	54.431136179	0.3343
52	9.875817513	54.431136179	54.432136179	0.001
53	10.062153693	54.432136179	54.755336179	0.3232
54	10.248489872	54.755336179	54.756336179	0.001
57	10.807498411	54.756336179	55.079536179	0.3232
60	11.366506949	55.079536179	55.080536179	0.001
62	11.739179308	55.080536179	55.081536179	0.001
64	12.111851667	55.081536179	55.504736179	0.4232
65	12.298187847	55.504736179	55.827936179	0.3232
66	12.484524026	55.827936179	56.151136179	0.3232
29	5.590085385	56.151136179	56.152136179	0.001
31	5.962757744	56.152136179	56.153136179	0.001
34	6.521766282	56.153136179	56.154136179	0.001
40	7.639783359	56.154136179	56.155136179	0.001
42	8.012455718	56.155136179	56.156136179	0.001
45	8.571464257	56.156136179	56.157136179	0.001
52	9.875817513	56.157136179	56.158136179	0.001
54	10.248489872	56.158136179	56.159136179	0.001
60	11.366506949	56.159136179	56.160136179	0.001
62	11.739179308	56.160136179	56.161136179	0.001
----------------------------
Service Server:
0	0.186336179	0.287436179	0.610636179	0.3232
1	0.372672359	0.721736179	1.044936179	0.3232
2	0.559008538	1.156036179	1.479236179	0.3232
0	0.186336179	1.490336179	1.591336179	0.101
3	0.745344718	1.591336179	1.914536179	0.3232
4	0.931680897	2.025636179	2.348836179	0.3232
1	0.372672359	2.459936179	2.672036179	0.2121
5	1.118017077	2.783136179	3.106336179	0.3232
6	1.304353256	3.217436179	3.540636179	0.3232
0	0.186336179	3.551736179	3.652736179	0.101
7	1.490689436	3.652736179	3.975936179	0.3232
8	1.677025615	4.087036179	4.410236179	0.3232
9	1.863361795	4.521336179	4.844536179	0.3232
3	0.745344718	4.855636179	5.178836179	0.3232
10	2.049697974	5.289936179	5.613136179	0.3232
11	2.236034154	5.724236179	6.047436179	0.3232
12	2.422370333	6.158536179	6.481736179	0.3232
13	2.608706513	6.592836179	6.916036179	0.3232
14	2.795042692	7.027136179	7.350336179	0.3232
15	2.981378872	7.461436179	7.784636179	0.3232
5	1.118017077	7.795736179	7.896736179	0.101
16	3.167715051	7.896736179	8.219936179	0.3232
17	3.354051231	8.331036179	8.654236179	0.3232
18	3.54038741	8.765336179	9.088536179	0.3232
6	1.304353256	9.099636179	9.422836179	0.3232
19	3.72672359	9.533936179	9.857136179	0.3232
20	3.913059769	9.968236179	10.291436179	0.3232
21	4.099395949	10.402536179	10.725736179	0.3232
22	4.285732128	10.836836179	11.160036179	0.3232
8	1.677025615	11.271136179	11.483236179	0.2121
23	4.472068308	11.594336179	11.917536179	0.3232
24	4.658404487	12.028636179	12.351836179	0.3232
25	4.844740667	12.462936179	12.786136179	0.3232
9	1.863361795	12.797236179	12.898236179	0.101
26	5.031076846	12.898236179	13.221436179	0.3232
27	5.217413026	13.332536179	13.655736179	0.3232
28	5.403749205	13.766836179	14.090036179	0.3232
29	5.590085385	14.201136179	14.524336179	0.3232
10	2.049697974	14.535436179	14.636436179	0.101
30	5.776421564	14.636436179	14.959636179	0.3232
31	5.962757744	15.070736179	15.393936179	0.3232
11	2.236034154	15.505036179	15.717136179	0.2121
32	6.149093923	15.828236179	16.151436179	0.3232
33	6.335430103	16.262536179	16.585736179	0.3232
12	2.422370333	16.596836179	16.920036179	0.3232
34	6.521766282	17.031136179	17.354336179	0.3232
35	6.708102462	17.465436179	17.788636179	0.3232
36	6.894438641	17.899736179	18.222936179	0.3232
13	2.608706513	18.334036179	18.546136179	0.2121
37	7.080774821	18.657236179	18.980436179	0.3232
38	7.267111	19.091536179	19.414736179	0.3232
39	7.45344718	19.525836179	19.849036179	0.3232
40	7.639783359	19.960136179	20.283336179	0.3232
15	2.981378872	20.294436179	20.395436179	0.101
5	1.118017077	20.395436179	20.496436179	0.101
41	7.826119539	20.496436179	20.819636179	0.3232
42	8.012455718	20.930736179	21.253936179	0.3232
43	8.198791898	21.365036179	21.688236179	0.3232
16	3.167715051	21.699336179	21.800336179	0.101
44	8.385128077	21.800336179	22.123536179	0.3232
45	8.571464257	22.234636179	22.557836179	0.3232
46	8.757800436	22.668936179	22.992136179	0.3232
47	8.944136616	23.103236179	23.426436179	0.3232
18	3.54038741	23.437536179	23.760736179	0.3232
48	9.130472795	23.871836179	24.195036179	0.3232
49	9.316808975	24.306136179	24.629336179	0.3232
50	9.503145154	24.740436179	25.063636179	0.3232
51	9.689481334	25.174736179	25.497936179	0.3232
19	3.72672359	25.609036179	25.821136179	0.2121
52	9.875817513	25.932236179	26.255436179	0.3232
53	10.062153693	26.366536179	26.689736179	0.3232
54	10.248489872	26.800836179	27.124036179	0.3232
20	3.913059769	27.135136179	27.458336179	0.3232
55	10.434826052	27.569436179	27.892636179	0.3232
56	10.621162231	28.003736179	28.326936179	0.3232
57	10.807498411	28.438036179	28.761236179	0.3232
58	10.99383459	28.872336179	29.195536179	0.3232
22	4.285732128	29.306636179	29.518736179	0.2121
59	11.18017077	29.629836179	29.953036179	0.3232
60	11.366506949	30.064136179	30.387336179	0.3232
61	11.552843129	30.498436179	30.821636179	0.3232
62	11.739179308	30.932736179	31.255936179	0.3232
63	11.925515488	31.367036179	31.690236179	0.3232
23	4.472068308	31.701336179	32.024536179	0.3232
64	12.111851667	32.135636179	32.458836179	0.3232
65	12.298187847	32.569936179	32.893136179	0.3232
24	4.658404487	33.004236179	33.216336179	0.2121
66	12.484524026	33.327436179	33.650636179	0.3232
67	12.670860206	33.761736179	34.084936179	0.3232
25	4.844740667	34.196036179	34.408136179	0.2121
9	1.863361795	34.419236179	34.520236179	0.101
68	12.857196385	34.520236179	34.843436179	0.3232
69	13.043532565	34.954536179	35.277736179	0.3232
70	13.229868744	35.388836179	35.712036179	0.3232
26	5.031076846	35.823136179	36.035236179	0.2121
71	13.416204924	36.146336179	36.469536179	0.3232
72	13.602541103	36.580636179	36.903836179	0.3232
27	5.217413026	36.914936179	37.238136179	0.3232
73	13.788877283	37.349236179	37.672436179	0.3232
74	13.975213462	37.783536179	38.106736179	0.3232
28	5.403749205	38.217836179	38.429936179	0.2121
75	14.161549642	38.541036179	38.864236179	0.3232
76	14.347885821	38.975336179	39.298536179	0.3232
77	14.534222001	39.409636179	39.732836179	0.3232
29	5.590085385	39.743936179	39.844936179	0.101
10	2.049697974	39.844936179	39.945936179	0.101
78	14.72055818	39.945936179	40.269136179	0.3232
79	14.90689436	40.380236179	40.703436179	0.3232
30	5.776421564	40.714536179	41.037736179	0.3232
80	15.093230539	41.148836179	41.472036179	0.3232
81	15.279566719	41.583136179	41.906336179	0.3232
31	5.962757744	41.917436179	42.018436179	0.101
82	15.465902898	42.018436179	42.341636179	0.3232
83	15.652239078	42.452736179	42.775936179	0.3232
84	15.838575257	42.887036179	43.210236179	0.3232
85	16.024911437	43.321336179	43.644536179	0.3232
32	6.149093923	43.655636179	43.978836179	0.3232
86	16.211247616	44.089936179	44.413136179	0.3232
87	16.397583796	44.524236179	44.847436179	0.3232
88	16.583919975	44.958536179	45.281736179	0.3232
33	6.335430103	45.292836179	45.616036179	0.3232
89	16.770256155	45.727136179	46.050336179	0.3232
90	16.956592334	46.161436179	46.484636179	0.3232
91	17.142928514	46.595736179	46.918936179	0.3232
92	17.329264693	47.030036179	47.353236179	0.3232
34	6.521766282	47.364336179	47.465336179	0.101
93	17.515600873	47.465336179	47.788536179	0.3232
94	17.701937052	47.899636179	48.222836179	0.3232
95	17.888273232	48.333936179	48.657136179	0.3232
96	18.074609411	48.768236179	49.091436179	0.3232
97	18.260945591	49.202536179	49.525736179	0.3232
98	18.44728177	49.636836179	49.960036179	0.3232
99	18.63361795	50.071136179	50.394336179	0.3232
37	7.080774821	50.505436179	50.717536179	0.2121
38	7.267111	50.828636179	51.040736179	0.2121
39	7.45344718	51.151836179	51.363936179	0.2121
40	7.639783359	51.375036179	51.476036179	0.101
15	2.981378872	51.476036179	51.577036179	0.101
41	7.826119539	51.577036179	51.789136179	0.2121
42	8.012455718	51.800236179	51.901236179	0.101
43	8.198791898	51.901236179	52.224436179	0.3232
16	3.167715051	52.235536179	52.336536179	0.101
44	8.385128077	52.336536179	52.659736179	0.3232
45	8.571464257	52.670836179	52.771836179	0.101
46	8.757800436	52.771836179	53.095036179	0.3232
47	8.944136616	53.106136179	53.429336179	0.3232
49	9.316808975	53.540436179	53.752536179	0.2121
50	9.503145154	53.763636179	54.086836179	0.3232
51	9.689481334	54.097936179	54.421136179	0.3232
52	9.875817513	54.432236179	54.533236179	0.101
53	10.062153693	54.533236179	54.745336179	0.2121
54	10.248489872	54.756436179	54.857436179	0.101
57	10.807498411	54.857436179	55.069536179	0.2121
60	11.366506949	55.080636179	55.181636179	0.101
62	11.739179308	55.181636179	55.282636179	0.101
64	12.111851667	55.282636179	55.494736179	0.2121
65	12.298187847	55.605836179	55.817936179	0.2121
66	12.484524026	55.929036179	56.141136179	0.2121
29	5.590085385	56.152236179	56.253236179	0.101
31	5.962757744	56.253236179	56.354236179	0.101
34	6.521766282	56.354236179	56.455236179	0.101
40	7.639783359	56.455236179	56.556236179	0.101
42	8.012455718	56.556236179	56.657236179	0.101
45	8.571464257	56.657236179	56.758236179	0.101
52	9.875817513	56.758236179	56.859236179	0.101
54	10.248489872	56.859236179	56.960236179	0.101
60	11.366506949	56.960236179	57.061236179	0.101
62	11.739179308	57.061236179	57.162236179	0.101
----------------------------
DAO Server:
0	0.186336179	0.388536179	0.600636179	0.2121
1	0.372672359	0.822836179	1.034936179	0.2121
2	0.559008538	1.257136179	1.469236179	0.2121
3	0.745344718	1.692436179	1.904536179	0.2121
4	0.931680897	2.126736179	2.338836179	0.2121
5	1.118017077	2.884236179	3.096336179	0.2121
6	1.304353256	3.318536179	3.530636179	0.2121
7	1.490689436	3.753836179	3.965936179	0.2121
8	1.677025615	4.188136179	4.400236179	0.2121
9	1.863361795	4.622436179	4.834536179	0.2121
3	0.745344718	4.956736179	5.168836179	0.2121
10	2.049697974	5.391036179	5.603136179	0.2121
11	2.236034154	5.825336179	6.037436179	0.2121
12	2.422370333	6.259636179	6.471736179	0.2121
13	2.608706513	6.693936179	6.906036179	0.2121
14	2.795042692	7.128236179	7.340336179	0.2121
15	2.981378872	7.562536179	7.774636179	0.2121
16	3.167715051	7.997836179	8.209936179	0.2121
17	3.354051231	8.432136179	8.644236179	0.2121
18	3.54038741	8.866436179	9.078536179	0.2121
6	1.304353256	9.200736179	9.412836179	0.2121
19	3.72672359	9.635036179	9.847136179	0.2121
20	3.913059769	10.069336179	10.281436179	0.2121
21	4.099395949	10.503636179	10.715736179	0.2121
22	4.285732128	10.937936179	11.150036179	0.2121
23	4.472068308	11.695436179	11.907536179	0.2121
24	4.658404487	12.129736179	12.341836179	0.2121
25	4.844740667	12.564036179	12.776136179	0.2121
26	5.031076846	12.999336179	13.211436179	0.2121
27	5.217413026	13.433636179	13.645736179	0.2121
28	5.403749205	13.867936179	14.080036179	0.2121
29	5.590085385	14.302236179	14.514336179	0.2121
30	5.776421564	14.737536179	14.949636179	0.2121
31	5.962757744	15.171836179	15.383936179	0.2121
32	6.149093923	15.929336179	16.141436179	0.2121
33	6.335430103	16.363636179	16.575736179	0.2121
12	2.422370333	16.697936179	16.910036179	0.2121
34	6.521766282	17.132236179	17.344336179	0.2121
35	6.708102462	17.566536179	17.778636179	0.2121
36	6.894438641	18.000836179	18.212936179	0.2121
37	7.080774821	18.758336179	18.970436179	0.2121
38	7.267111	19.192636179	19.404736179	0.2121
39	7.45344718	19.626936179	19.839036179	0.2121
40	7.639783359	20.061236179	20.273336179	0.2121
41	7.826119539	20.597536179	20.809636179	0.2121
42	8.012455718	21.031836179	21.243936179	0.2121
43	8.198791898	21.466136179	21.678236179	0.2121
44	8.385128077	21.901436179	22.113536179	0.2121
45	8.571464257	22.335736179	22.547836179	0.2121
46	8.757800436	22.770036179	22.982136179	0.2121
47	8.944136616	23.204336179	23.416436179	0.2121
18	3.54038741	23.538636179	23.750736179	0.2121
48	9.130472795	23.972936179	24.185036179	0.2121
49	9.316808975	24.407236179	24.619336179	0.2121
50	9.503145154	24.841536179	25.053636179	0.2121
51	9.689481334	25.275836179	25.487936179	0.2121
52	9.875817513	26.033336179	26.245436179	0.2121
53	10.062153693	26.467636179	26.679736179	0.2121
54	10.248489872	26.901936179	27.114036179	0.2121
20	3.913059769	27.236236179	27.448336179	0.2121
55	10.434826052	27.670536179	27.882636179	0.2121
56	10.621162231	28.104836179	28.316936179	0.2121
57	10.807498411	28.539136179	28.751236179	0.2121
58	10.99383459	28.973436179	29.185536179	0.2121
59	11.18017077	29.730936179	29.943036179	0.2121
60	11.366506949	30.165236179	30.377336179	0.2121
61	11.552843129	30.599536179	30.811636179	0.2121
62	11.739179308	31.033836179	31.245936179	0.2121
63	11.925515488	31.468136179	31.680236179	0.2121
23	4.472068308	31.802436179	32.014536179	0.2121
64	12.111851667	32.236736179	32.448836179	0.2121
65	12.298187847	32.671036179	32.883136179	0.2121
66	12.484524026	33.428536179	33.640636179	0.2121
67	12.670860206	33.862836179	34.074936179	0.2121
68	12.857196385	34.621336179	34.833436179	0.2121
69	13.043532565	35.055636179	35.267736179	0.2121
70	13.229868744	35.489936179	35.702036179	0.2121
71	13.416204924	36.247436179	36.459536179	0.2121
72	13.602541103	36.681736179	36.893836179	0.2121
27	5.217413026	37.016036179	37.228136179	0.2121
73	13.788877283	37.450336179	37.662436179	0.2121
74	13.975213462	37.884636179	38.096736179	0.2121
75	14.161549642	38.642136179	38.854236179	0.2121
76	14.347885821	39.076436179	39.288536179	0.2121
77	14.534222001	39.510736179	39.722836179	0.2121
78	14.72055818	40.047036179	40.259136179	0.2121
79	14.90689436	40.481336179	40.693436179	0.2121
30	5.776421564	40.815636179	41.027736179	0.2121
80	15.093230539	41.249936179	41.462036179	0.2121
81	15.279566719	41.684236179	41.896336179	0.2121
82	15.465902898	42.119536179	42.331636179	0.2121
83	15.652239078	42.553836179	42.765936179	0.2121
84	15.838575257	42.988136179	43.200236179	0.2121
85	16.024911437	43.422436179	43.634536179	0.2121
32	6.149093923	43.756736179	43.968836179	0.2121
86	16.211247616	44.191036179	44.403136179	0.2121
87	16.397583796	44.625336179	44.837436179	0.2121
88	16.583919975	45.059636179	45.271736179	0.2121
33	6.335430103	45.393936179	45.606036179	0.2121
89	16.770256155	45.828236179	46.040336179	0.2121
90	16.956592334	46.262536179	46.474636179	0.2121
91	17.142928514	46.696836179	46.908936179	0.2121
92	17.329264693	47.131136179	47.343236179	0.2121
93	17.515600873	47.566436179	47.778536179	0.2121
94	17.701937052	48.000736179	48.212836179	0.2121
95	17.888273232	48.435036179	48.647136179	0.2121
96	18.074609411	48.869336179	49.081436179	0.2121
97	18.260945591	49.303636179	49.515736179	0.2121
98	18.44728177	49.737936179	49.950036179	0.2121
99	18.63361795	50.172236179	50.384336179	0.2121
43	8.198791898	52.002336179	52.214436179	0.2121
44	8.385128077	52.437636179	52.649736179	0.2121
46	8.757800436	52.872936179	53.085036179	0.2121
47	8.944136616	53.207236179	53.419336179	0.2121
50	9.503145154	53.864736179	54.076836179	0.2121
51	9.689481334	54.199036179	54.411136179	0.2121
----------------------------
SQL DataBase:
0	0.186336179	0.489636179	0.590636179	0.101
1	0.372672359	0.923936179	1.024936179	0.101
2	0.559008538	1.358236179	1.459236179	0.101
3	0.745344718	1.793536179	1.894536179	0.101
4	0.931680897	2.227836179	2.328836179	0.101
5	1.118017077	2.985336179	3.086336179	0.101
6	1.304353256	3.419636179	3.520636179	0.101
7	1.490689436	3.854936179	3.955936179	0.101
8	1.677025615	4.289236179	4.390236179	0.101
9	1.863361795	4.723536179	4.824536179	0.101
3	0.745344718	5.057836179	5.158836179	0.101
10	2.049697974	5.492136179	5.593136179	0.101
11	2.236034154	5.926436179	6.027436179	0.101
12	2.422370333	6.360736179	6.461736179	0.101
13	2.608706513	6.795036179	6.896036179	0.101
14	2.795042692	7.229336179	7.330336179	0.101
15	2.981378872	7.663636179	7.764636179	0.101
16	3.167715051	8.098936179	8.199936179	0.101
17	3.354051231	8.533236179	8.634236179	0.101
18	3.54038741	8.967536179	9.068536179	0.101
6	1.304353256	9.301836179	9.402836179	0.101
19	3.72672359	9.736136179	9.837136179	0.101
20	3.913059769	10.170436179	10.271436179	0.101
21	4.099395949	10.604736179	10.705736179	0.101
22	4.285732128	11.039036179	11.140036179	0.101
23	4.472068308	11.796536179	11.897536179	0.101
24	4.658404487	12.230836179	12.331836179	0.101
25	4.844740667	12.665136179	12.766136179	0.101
26	5.031076846	13.100436179	13.201436179	0.101
27	5.217413026	13.534736179	13.635736179	0.101
28	5.403749205	13.969036179	14.070036179	0.101
29	5.590085385	14.403336179	14.504336179	0.101
30	5.776421564	14.838636179	14.939636179	0.101
31	5.962757744	15.272936179	15.373936179	0.101
32	6.149093923	16.030436179	16.131436179	0.101
33	6.335430103	16.464736179	16.565736179	0.101
12	2.422370333	16.799036179	16.900036179	0.101
34	6.521766282	17.233336179	17.334336179	0.101
35	6.708102462	17.667636179	17.768636179	0.101
36	6.894438641	18.101936179	18.202936179	0.101
37	7.080774821	18.859436179	18.960436179	0.101
38	7.267111	19.293736179	19.394736179	0.101
39	7.45344718	19.728036179	19.829036179	0.101
40	7.639783359	20.162336179	20.263336179	0.101
41	7.826119539	20.698636179	20.799636179	0.101
42	8.012455718	21.132936179	21.233936179	0.101
43	8.198791898	21.567236179	21.668236179	0.101
44	8.385128077	22.002536179	22.103536179	0.101
45	8.571464257	22.436836179	22.537836179	0.101
46	8.757800436	22.871136179	22.972136179	0.101
47	8.944136616	23.305436179	23.406436179	0.101
18	3.54038741	23.639736179	23.740736179	0.101
48	9.130472795	24.074036179	24.175036179	0.101
49	9.316808975	24.508336179	24.609336179	0.101
50	9.503145154	24.942636179	25.043636179	0.101
51	9.689481334	25.376936179	25.477936179	0.101
52	9.875817513	26.134436179	26.235436179	0.101
53	10.062153693	26.568736179	26.669736179	0.101
54	10.248489872	27.003036179	27.104036179	0.101
20	3.913059769	27.337336179	27.438336179	0.101
55	10.434826052	27.771636179	27.872636179	0.101
56	10.621162231	28.205936179	28.306936179	0.101
57	10.807498411	28.640236179	28.741236179	0.101
58	10.99383459	29.074536179	29.175536179	0.101
59	11.18017077	29.832036179	29.933036179	0.101
60	11.366506949	30.266336179	30.367336179	0.101
61	11.552843129	30.700636179	30.801636179	0.101
62	11.739179308	31.134936179	31.235936179	0.101
63	11.925515488	31.569236179	31.670236179	0.101
23	4.472068308	31.903536179	32.004536179	0.101
64	12.111851667	32.337836179	32.438836179	0.101
65	12.298187847	32.772136179	32.873136179	0.101
66	12.484524026	33.529636179	33.630636179	0.101
67	12.670860206	33.963936179	34.064936179	0.101
68	12.857196385	34.722436179	34.823436179	0.101
69	13.043532565	35.156736179	35.257736179	0.101
70	13.229868744	35.591036179	35.692036179	0.101
71	13.416204924	36.348536179	36.449536179	0.101
72	13.602541103	36.782836179	36.883836179	0.101
27	5.217413026	37.117136179	37.218136179	0.101
73	13.788877283	37.551436179	37.652436179	0.101
74	13.975213462	37.985736179	38.086736179	0.101
75	14.161549642	38.743236179	38.844236179	0.101
76	14.347885821	39.177536179	39.278536179	0.101
77	14.534222001	39.611836179	39.712836179	0.101
78	14.72055818	40.148136179	40.249136179	0.101
79	14.90689436	40.582436179	40.683436179	0.101
30	5.776421564	40.916736179	41.017736179	0.101
80	15.093230539	41.351036179	41.452036179	0.101
81	15.279566719	41.785336179	41.886336179	0.101
82	15.465902898	42.220636179	42.321636179	0.101
83	15.652239078	42.654936179	42.755936179	0.101
84	15.838575257	43.089236179	43.190236179	0.101
85	16.024911437	43.523536179	43.624536179	0.101
32	6.149093923	43.857836179	43.958836179	0.101
86	16.211247616	44.292136179	44.393136179	0.101
87	16.397583796	44.726436179	44.827436179	0.101
88	16.583919975	45.160736179	45.261736179	0.101
33	6.335430103	45.495036179	45.596036179	0.101
89	16.770256155	45.929336179	46.030336179	0.101
90	16.956592334	46.363636179	46.464636179	0.101
91	17.142928514	46.797936179	46.898936179	0.101
92	17.329264693	47.232236179	47.333236179	0.101
93	17.515600873	47.667536179	47.768536179	0.101
94	17.701937052	48.101836179	48.202836179	0.101
95	17.888273232	48.536136179	48.637136179	0.101
96	18.074609411	48.970436179	49.071436179	0.101
97	18.260945591	49.404736179	49.505736179	0.101
98	18.44728177	49.839036179	49.940036179	0.101
99	18.63361795	50.273336179	50.374336179	0.101
43	8.198791898	52.103436179	52.204436179	0.101
44	8.385128077	52.538736179	52.639736179	0.101
46	8.757800436	52.974036179	53.075036179	0.101
47	8.944136616	53.308336179	53.409336179	0.101
50	9.503145154	53.965836179	54.066836179	0.101
51	9.689481334	54.300136179	54.401136179	0.101
----------------------------
Printer:
1	0.372672359	2.561036179	2.662036179	0.101
8	1.677025615	11.372236179	11.473236179	0.101
11	2.236034154	15.606136179	15.707136179	0.101
13	2.608706513	18.435136179	18.536136179	0.101
19	3.72672359	25.710136179	25.811136179	0.101
22	4.285732128	29.407736179	29.508736179	0.101
24	4.658404487	33.105336179	33.206336179	0.101
25	4.844740667	34.297136179	34.398136179	0.101
26	5.031076846	35.924236179	36.025236179	0.101
28	5.403749205	38.318936179	38.419936179	0.101
37	7.080774821	50.606536179	50.707536179	0.101
38	7.267111	50.929736179	51.030736179	0.101
39	7.45344718	51.252936179	51.353936179	0.101
41	7.826119539	51.678136179	51.779136179	0.101
49	9.316808975	53.641536179	53.742536179	0.101
53	10.062153693	54.634336179	54.735336179	0.101
57	10.807498411	54.958536179	55.059536179	0.101
64	12.111851667	55.383736179	55.484736179	0.101
65	12.298187847	55.706936179	55.807936179	0.101
66	12.484524026	56.030136179	56.131136179	0.101
----------------------------
