0	0.186336179	0.186336179	1.702336179	1.516	0.0
1	0.372672359	0.620636179	2.894136179	2.2735	0.24796382
2	0.559008538	1.054936179	1.489236179	0.4343	0.495927641
3	0.745344718	1.702336179	5.834236179	4.1319	0.956991461
4	0.931680897	2.136636179	2.570936179	0.4343	1.204955282
5	1.118017077	2.894136179	8.653136179	5.759	1.776119102
6	1.304353256	3.328436179	10.290336179	6.9619	2.024082923
7	1.490689436	3.762736179	4.197036179	0.4343	2.272046743
8	1.677025615	4.197036179	12.350736179	8.1537	2.520010564
9	1.863361795	4.631336179	13.866736179	9.2354	2.767974384
10	2.049697974	5.065636179	14.948436179	9.8828	3.015938205
11	2.236034154	5.834236179	17.008836179	11.1746	3.598202025
12	2.422370333	6.268536179	18.211736179	11.9432	3.846165846
13	2.608706513	6.702836179	19.837836179	13.135	4.094129666
14	2.795042692	7.137136179	7.571436179	0.4343	4.342093487
15	2.981378872	7.571436179	21.788136179	14.2167	4.590057307
16	3.167715051	8.005736179	23.304136179	15.2984	4.838021128
17	3.354051231	8.653136179	9.087436179	0.4343	5.299084948
18	3.54038741	9.087436179	26.244236179	17.1568	5.547048769
19	3.72672359	9.521736179	27.436036179	17.9143	5.795012589
20	3.913059769	10.290336179	29.507536179	19.2172	6.37727641
21	4.099395949	10.724636179	11.158936179	0.4343	6.62524023
22	4.285732128	11.158936179	32.002236179	20.8433	6.873204051
23	4.472068308	11.593236179	33.205136179	21.6119	7.121167871
24	4.658404487	12.350736179	35.265536179	22.9148	7.692331692
25	4.844740667	12.785036179	36.457336179	23.6723	7.940295512
26	5.031076846	13.219336179	38.083436179	24.8641	8.188259333
27	5.217413026	13.866736179	39.720636179	25.8539	8.649323153
28	5.403749205	14.301036179	41.346736179	27.0457	8.897286974
29	5.590085385	14.948436179	42.862736179	27.9143	9.358350794
30	5.776421564	15.382736179	44.065636179	28.6829	9.606314615
31	5.962757744	15.817036179	45.581636179	29.7646	9.854278435
32	6.149093923	16.251336179	46.784536179	30.5332	10.102242256
33	6.335430103	17.008836179	48.856036179	31.8472	10.673406076
34	6.521766282	17.443136179	49.937736179	32.4946	10.921369897
35	6.708102462	18.211736179	18.646036179	0.4343	11.503633717
36	6.894438641	18.646036179	19.080336179	0.4343	11.751597538
37	7.080774821	19.080336179	52.432436179	33.3521	11.999561358
38	7.267111	19.837836179	52.755636179	32.9178	12.570725179
39	7.45344718	20.272136179	53.078836179	32.8067	12.818688999
40	7.639783359	20.706436179	53.291936179	32.5855	13.06665282
41	7.826119539	21.140736179	53.615136179	32.4744	13.31461664
42	8.012455718	21.788136179	53.828236179	32.0401	13.775680461
43	8.198791898	22.222436179	54.162536179	31.9401	14.023644281
44	8.385128077	22.656736179	54.496836179	31.8401	14.271608102
45	8.571464257	23.304136179	54.709936179	31.4058	14.732671922
46	8.757800436	23.738436179	55.044236179	31.3058	14.980635743
47	8.944136616	24.172736179	55.378536179	31.2058	15.228599563
48	9.130472795	24.607036179	25.041336179	0.4343	15.476563384
49	9.316808975	25.041336179	55.701736179	30.6604	15.724527204
50	9.503145154	25.475636179	56.036036179	30.5604	15.972491025
51	9.689481334	26.244236179	56.370336179	30.1261	16.554754845
52	9.875817513	26.678536179	56.583436179	29.9049	16.802718666
53	10.062153693	27.436036179	56.906636179	29.4706	17.373882486
54	10.248489872	27.870336179	57.119736179	29.2494	17.621846307
55	10.434826052	28.304636179	28.738936179	0.4343	17.869810127
56	10.621162231	28.738936179	29.173236179	0.4343	18.117773948
57	10.807498411	29.507536179	57.442936179	27.9354	18.700037768
58	10.99383459	29.941836179	30.376136179	0.4343	18.948001589
59	11.18017077	30.376136179	30.810436179	0.4343	19.195965409
60	11.366506949	30.810436179	57.656036179	26.8456	19.44392923
61	11.552843129	31.244736179	31.679036179	0.4343	19.69189305
62	11.739179308	32.002236179	57.869136179	25.8669	20.263056871
63	11.925515488	32.436536179	32.870836179	0.4343	20.511020691
64	12.111851667	33.205136179	58.192336179	24.9872	21.093284512
65	12.298187847	33.639436179	58.515536179	24.8761	21.341248332
66	12.484524026	34.073736179	58.838736179	24.765	21.589212153
67	12.670860206	34.508036179	34.942336179	0.4343	21.837175973
68	12.857196385	35.265536179	35.699836179	0.4343	22.408339794
69	13.043532565	35.699836179	36.134136179	0.4343	22.656303614
70	13.229868744	36.457336179	36.891636179	0.4343	23.227467435
71	13.416204924	36.891636179	37.325936179	0.4343	23.475431255
72	13.602541103	37.325936179	37.760236179	0.4343	23.723395076
73	13.788877283	38.083436179	38.517736179	0.4343	24.294558896
74	13.975213462	38.517736179	38.952036179	0.4343	24.542522717
75	14.161549642	38.952036179	39.386336179	0.4343	24.790486537
76	14.347885821	39.720636179	40.154936179	0.4343	25.372750358
77	14.534222001	40.154936179	40.589236179	0.4343	25.620714178
78	14.72055818	40.589236179	41.023536179	0.4343	25.868677999
79	14.90689436	41.346736179	41.781036179	0.4343	26.439841819
80	15.093230539	41.781036179	42.215336179	0.4343	26.68780564
81	15.279566719	42.215336179	42.649636179	0.4343	26.93576946
82	15.465902898	42.862736179	43.297036179	0.4343	27.396833281
83	15.652239078	43.297036179	43.731336179	0.4343	27.644797101
84	15.838575257	44.065636179	44.499936179	0.4343	28.227060922
85	16.024911437	44.499936179	44.934236179	0.4343	28.475024742
86	16.211247616	44.934236179	45.368536179	0.4343	28.722988563
87	16.397583796	45.581636179	46.015936179	0.4343	29.184052383
88	16.583919975	46.015936179	46.450236179	0.4343	29.432016204
89	16.770256155	46.784536179	47.218836179	0.4343	30.014280024
90	16.956592334	47.218836179	47.653136179	0.4343	30.262243845
91	17.142928514	47.653136179	48.087436179	0.4343	30.510207665
92	17.329264693	48.087436179	48.521736179	0.4343	30.758171486
93	17.515600873	48.856036179	49.290336179	0.4343	31.340435306
94	17.701937052	49.290336179	49.724636179	0.4343	31.588399127
95	17.888273232	49.937736179	50.372036179	0.4343	32.049462947
96	18.074609411	50.372036179	50.806336179	0.4343	32.297426768
97	18.260945591	50.806336179	51.240636179	0.4343	32.545390588
98	18.44728177	51.240636179	51.674936179	0.4343	32.793354409
99	18.63361795	51.674936179	52.109236179	0.4343	33.041318229
