Controller Server:
0	0.09316809	0.09316809	0.52746809	0.4343
1	0.186336179	0.52746809	0.96176809	0.4343
2	0.279504269	0.96176809	1.39606809	0.4343
3	0.372672359	1.39606809	1.83036809	0.4343
4	0.465840449	1.83036809	2.26466809	0.4343
0	0.09316809	2.26466809	2.26566809	0.001
5	0.559008538	2.26566809	2.69996809	0.4343
6	0.652176628	2.69996809	3.13426809	0.4343
7	0.745344718	3.13426809	3.56856809	0.4343
8	0.838512808	3.56856809	4.00286809	0.4343
9	0.931680897	4.00286809	4.43716809	0.4343
1	0.186336179	4.43716809	4.76036809	0.3232
10	1.024848987	4.76036809	5.19466809	0.4343
11	1.118017077	5.19466809	5.62896809	0.4343
12	1.211185167	5.62896809	6.06326809	0.4343
13	1.304353256	6.06326809	6.49756809	0.4343
14	1.397521346	6.49756809	6.93186809	0.4343
15	1.490689436	6.93186809	7.36616809	0.4343
16	1.583857526	7.36616809	7.80046809	0.4343
17	1.677025615	7.80046809	8.23476809	0.4343
18	1.770193705	8.23476809	8.66906809	0.4343
19	1.863361795	8.66906809	9.10336809	0.4343
20	1.956529885	9.10336809	9.53766809	0.4343
21	2.049697974	9.53766809	9.97196809	0.4343
22	2.142866064	9.97196809	10.40626809	0.4343
23	2.236034154	10.40626809	10.84056809	0.4343
4	0.465840449	10.84056809	11.17486809	0.3343
24	2.329202244	11.17486809	11.60916809	0.4343
0	0.09316809	11.60916809	11.61016809	0.001
25	2.422370333	11.61016809	12.04446809	0.4343
26	2.515538423	12.04446809	12.47876809	0.4343
27	2.608706513	12.47876809	12.91306809	0.4343
28	2.701874603	12.91306809	13.34736809	0.4343
29	2.795042692	13.34736809	13.78166809	0.4343
30	2.888210782	13.78166809	14.21596809	0.4343
31	2.981378872	14.21596809	14.65026809	0.4343
32	3.074546962	14.65026809	15.08456809	0.4343
6	0.652176628	15.08456809	15.08556809	0.001
33	3.167715051	15.08556809	15.51986809	0.4343
34	3.260883141	15.51986809	15.95416809	0.4343
35	3.354051231	15.95416809	16.38846809	0.4343
36	3.447219321	16.38846809	16.82276809	0.4343
37	3.54038741	16.82276809	17.25706809	0.4343
38	3.6335555	17.25706809	17.69136809	0.4343
39	3.72672359	17.69136809	18.12566809	0.4343
40	3.81989168	18.12566809	18.55996809	0.4343
41	3.913059769	18.55996809	18.99426809	0.4343
8	0.838512808	18.99426809	19.32856809	0.3343
42	4.006227859	19.32856809	19.76286809	0.4343
43	4.099395949	19.76286809	20.19716809	0.4343
44	4.192564039	20.19716809	20.63146809	0.4343
45	4.285732128	20.63146809	21.06576809	0.4343
46	4.378900218	21.06576809	21.50006809	0.4343
47	4.472068308	21.50006809	21.93436809	0.4343
48	4.565236398	21.93436809	22.36866809	0.4343
49	4.658404487	22.36866809	22.80296809	0.4343
50	4.751572577	22.80296809	23.23726809	0.4343
51	4.844740667	23.23726809	23.67156809	0.4343
52	4.937908757	23.67156809	24.10586809	0.4343
53	5.031076846	24.10586809	24.54016809	0.4343
54	5.124244936	24.54016809	24.97446809	0.4343
55	5.217413026	24.97446809	25.40876809	0.4343
56	5.310581116	25.40876809	25.84306809	0.4343
57	5.403749205	25.84306809	26.27736809	0.4343
58	5.496917295	26.27736809	26.71166809	0.4343
59	5.590085385	26.71166809	27.14596809	0.4343
60	5.683253475	27.14596809	27.58026809	0.4343
61	5.776421564	27.58026809	28.01456809	0.4343
62	5.869589654	28.01456809	28.44886809	0.4343
63	5.962757744	28.44886809	28.88316809	0.4343
64	6.055925834	28.88316809	29.31746809	0.4343
12	1.211185167	29.31746809	29.64066809	0.3232
65	6.149093923	29.64066809	30.07496809	0.4343
66	6.242262013	30.07496809	30.50926809	0.4343
67	6.335430103	30.50926809	30.94356809	0.4343
68	6.428598193	30.94356809	31.37786809	0.4343
13	1.304353256	31.37786809	31.37886809	0.001
69	6.521766282	31.37886809	31.81316809	0.4343
70	6.614934372	31.81316809	32.24746809	0.4343
71	6.708102462	32.24746809	32.68176809	0.4343
72	6.801270552	32.68176809	33.11606809	0.4343
73	6.894438641	33.11606809	33.55036809	0.4343
14	1.397521346	33.55036809	33.55136809	0.001
74	6.987606731	33.55136809	33.98566809	0.4343
75	7.080774821	33.98566809	34.41996809	0.4343
76	7.173942911	34.41996809	34.85426809	0.4343
77	7.267111	34.85426809	35.28856809	0.4343
78	7.36027909	35.28856809	35.72286809	0.4343
79	7.45344718	35.72286809	36.15716809	0.4343
80	7.54661527	36.15716809	36.59146809	0.4343
81	7.639783359	36.59146809	37.02576809	0.4343
82	7.732951449	37.02576809	37.46006809	0.4343
83	7.826119539	37.46006809	37.89436809	0.4343
84	7.919287629	37.89436809	38.32866809	0.4343
85	8.012455718	38.32866809	38.76296809	0.4343
86	8.105623808	38.76296809	39.19726809	0.4343
87	8.198791898	39.19726809	39.63156809	0.4343
88	8.291959988	39.63156809	40.06586809	0.4343
89	8.385128077	40.06586809	40.50016809	0.4343
90	8.478296167	40.50016809	40.93446809	0.4343
91	8.571464257	40.93446809	41.36876809	0.4343
92	8.664632347	41.36876809	41.80306809	0.4343
93	8.757800436	41.80306809	42.23736809	0.4343
94	8.850968526	42.23736809	42.67166809	0.4343
95	8.944136616	42.67166809	43.10596809	0.4343
96	9.037304706	43.10596809	43.54026809	0.4343
19	1.863361795	43.54026809	43.86346809	0.3232
97	9.130472795	43.86346809	44.29776809	0.4343
98	9.223640885	44.29776809	44.73206809	0.4343
99	9.316808975	44.73206809	45.16636809	0.4343
20	1.956529885	45.16636809	45.50066809	0.3343
22	2.142866064	45.50066809	45.82386809	0.3232
24	2.329202244	45.82386809	45.82486809	0.001
26	2.515538423	45.82486809	45.82586809	0.001
29	2.795042692	45.82586809	46.36016809	0.5343
30	2.888210782	46.36016809	46.68336809	0.3232
31	2.981378872	46.68336809	47.01766809	0.3343
6	0.652176628	47.01766809	47.01866809	0.001
34	3.260883141	47.01866809	47.34186809	0.3232
35	3.354051231	47.34186809	47.67616809	0.3343
37	3.54038741	47.67616809	47.99936809	0.3232
40	3.81989168	47.99936809	48.32256809	0.3232
41	3.913059769	48.32256809	48.64576809	0.3232
43	4.099395949	48.64576809	48.98006809	0.3343
45	4.285732128	48.98006809	49.30326809	0.3232
47	4.472068308	49.30326809	49.30426809	0.001
48	4.565236398	49.30426809	49.73856809	0.4343
49	4.658404487	49.73856809	49.73956809	0.001
50	4.751572577	49.73956809	50.17386809	0.4343
51	4.844740667	50.17386809	50.50816809	0.3343
54	5.124244936	50.50816809	50.50916809	0.001
61	5.776421564	50.50916809	50.83236809	0.3232
62	5.869589654	50.83236809	51.15556809	0.3232
63	5.962757744	51.15556809	51.47876809	0.3232
64	6.055925834	51.47876809	51.47976809	0.001
65	6.149093923	51.47976809	51.80296809	0.3232
66	6.242262013	51.80296809	51.80396809	0.001
67	6.335430103	51.80396809	52.23826809	0.4343
68	6.428598193	52.23826809	52.57256809	0.3343
13	1.304353256	52.57256809	52.57356809	0.001
69	6.521766282	52.57356809	52.57456809	0.001
70	6.614934372	52.57456809	53.10886809	0.5343
71	6.708102462	53.10886809	53.44316809	0.3343
73	6.894438641	53.44316809	53.76636809	0.3232
14	1.397521346	53.76636809	53.76736809	0.001
76	7.173942911	53.76736809	54.20166809	0.4343
78	7.36027909	54.20166809	54.53596809	0.3343
79	7.45344718	54.53596809	54.53696809	0.001
80	7.54661527	54.53696809	54.86016809	0.3232
81	7.639783359	54.86016809	54.86116809	0.001
84	7.919287629	54.86116809	55.18436809	0.3232
88	8.291959988	55.18436809	55.18536809	0.001
92	8.664632347	55.18536809	55.18636809	0.001
94	8.850968526	55.18636809	55.60956809	0.4232
96	9.037304706	55.60956809	55.93276809	0.3232
98	9.223640885	55.93276809	56.25596809	0.3232
24	2.329202244	56.25596809	56.25696809	0.001
26	2.515538423	56.25696809	56.25796809	0.001
47	4.472068308	56.25796809	56.25896809	0.001
49	4.658404487	56.25896809	56.25996809	0.001
54	5.124244936	56.25996809	56.26096809	0.001
64	6.055925834	56.26096809	56.26196809	0.001
66	6.242262013	56.26196809	56.26296809	0.001
69	6.521766282	56.26296809	56.26396809	0.001
79	7.45344718	56.26396809	56.26496809	0.001
81	7.639783359	56.26496809	56.26596809	0.001
88	8.291959988	56.26596809	56.26696809	0.001
92	8.664632347	56.26696809	56.26796809	0.001
----------------------------
Service Server:
0	0.09316809	0.19426809	0.51746809	0.3232
1	0.186336179	0.62856809	0.95176809	0.3232
2	0.279504269	1.06286809	1.38606809	0.3232
3	0.372672359	1.49716809	1.82036809	0.3232
4	0.465840449	1.93146809	2.25466809	0.3232
0	0.09316809	2.26576809	2.36676809	0.101
5	0.559008538	2.36676809	2.68996809	0.3232
6	0.652176628	2.80106809	3.12426809	0.3232
7	0.745344718	3.23536809	3.55856809	0.3232
8	0.838512808	3.66966809	3.99286809	0.3232
9	0.931680897	4.10396809	4.42716809	0.3232
1	0.186336179	4.53826809	4.75036809	0.2121
10	1.024848987	4.86146809	5.18466809	0.3232
11	1.118017077	5.29576809	5.61896809	0.3232
12	1.211185167	5.73006809	6.05326809	0.3232
13	1.304353256	6.16436809	6.48756809	0.3232
14	1.397521346	6.59866809	6.92186809	0.3232
15	1.490689436	7.03296809	7.35616809	0.3232
16	1.583857526	7.46726809	7.79046809	0.3232
17	1.677025615	7.90156809	8.22476809	0.3232
18	1.770193705	8.33586809	8.65906809	0.3232
19	1.863361795	8.77016809	9.09336809	0.3232
20	1.956529885	9.20446809	9.52766809	0.3232
21	2.049697974	9.63876809	9.96196809	0.3232
22	2.142866064	10.07306809	10.39626809	0.3232
23	2.236034154	10.50736809	10.83056809	0.3232
4	0.465840449	10.84166809	11.16486809	0.3232
24	2.329202244	11.27596809	11.59916809	0.3232
0	0.09316809	11.61026809	11.71126809	0.101
25	2.422370333	11.71126809	12.03446809	0.3232
26	2.515538423	12.14556809	12.46876809	0.3232
27	2.608706513	12.57986809	12.90306809	0.3232
28	2.701874603	13.01416809	13.33736809	0.3232
29	2.795042692	13.44846809	13.77166809	0.3232
30	2.888210782	13.88276809	14.20596809	0.3232
31	2.981378872	14.31706809	14.64026809	0.3232
32	3.074546962	14.75136809	15.07456809	0.3232
6	0.652176628	15.08566809	15.18666809	0.101
33	3.167715051	15.18666809	15.50986809	0.3232
34	3.260883141	15.62096809	15.94416809	0.3232
35	3.354051231	16.05526809	16.37846809	0.3232
36	3.447219321	16.48956809	16.81276809	0.3232
37	3.54038741	16.92386809	17.24706809	0.3232
38	3.6335555	17.35816809	17.68136809	0.3232
39	3.72672359	17.79246809	18.11566809	0.3232
40	3.81989168	18.22676809	18.54996809	0.3232
41	3.913059769	18.66106809	18.98426809	0.3232
8	0.838512808	18.99536809	19.31856809	0.3232
42	4.006227859	19.42966809	19.75286809	0.3232
43	4.099395949	19.86396809	20.18716809	0.3232
44	4.192564039	20.29826809	20.62146809	0.3232
45	4.285732128	20.73256809	21.05576809	0.3232
46	4.378900218	21.16686809	21.49006809	0.3232
47	4.472068308	21.60116809	21.92436809	0.3232
48	4.565236398	22.03546809	22.35866809	0.3232
49	4.658404487	22.46976809	22.79296809	0.3232
50	4.751572577	22.90406809	23.22726809	0.3232
51	4.844740667	23.33836809	23.66156809	0.3232
52	4.937908757	23.77266809	24.09586809	0.3232
53	5.031076846	24.20696809	24.53016809	0.3232
54	5.124244936	24.64126809	24.96446809	0.3232
55	5.217413026	25.07556809	25.39876809	0.3232
56	5.310581116	25.50986809	25.83306809	0.3232
57	5.403749205	25.94416809	26.26736809	0.3232
58	5.496917295	26.37846809	26.70166809	0.3232
59	5.590085385	26.81276809	27.13596809	0.3232
60	5.683253475	27.24706809	27.57026809	0.3232
61	5.776421564	27.68136809	28.00456809	0.3232
62	5.869589654	28.11566809	28.43886809	0.3232
63	5.962757744	28.54996809	28.87316809	0.3232
64	6.055925834	28.98426809	29.30746809	0.3232
12	1.211185167	29.41856809	29.63066809	0.2121
65	6.149093923	29.74176809	30.06496809	0.3232
66	6.242262013	30.17606809	30.49926809	0.3232
67	6.335430103	30.61036809	30.93356809	0.3232
68	6.428598193	31.04466809	31.36786809	0.3232
13	1.304353256	31.37896809	31.47996809	0.101
69	6.521766282	31.47996809	31.80316809	0.3232
70	6.614934372	31.91426809	32.23746809	0.3232
71	6.708102462	32.34856809	32.67176809	0.3232
72	6.801270552	32.78286809	33.10606809	0.3232
73	6.894438641	33.21716809	33.54036809	0.3232
14	1.397521346	33.55146809	33.65246809	0.101
74	6.987606731	33.65246809	33.97566809	0.3232
75	7.080774821	34.08676809	34.40996809	0.3232
76	7.173942911	34.52106809	34.84426809	0.3232
77	7.267111	34.95536809	35.27856809	0.3232
78	7.36027909	35.38966809	35.71286809	0.3232
79	7.45344718	35.82396809	36.14716809	0.3232
80	7.54661527	36.25826809	36.58146809	0.3232
81	7.639783359	36.69256809	37.01576809	0.3232
82	7.732951449	37.12686809	37.45006809	0.3232
83	7.826119539	37.56116809	37.88436809	0.3232
84	7.919287629	37.99546809	38.31866809	0.3232
85	8.012455718	38.42976809	38.75296809	0.3232
86	8.105623808	38.86406809	39.18726809	0.3232
87	8.198791898	39.29836809	39.62156809	0.3232
88	8.291959988	39.73266809	40.05586809	0.3232
89	8.385128077	40.16696809	40.49016809	0.3232
90	8.478296167	40.60126809	40.92446809	0.3232
91	8.571464257	41.03556809	41.35876809	0.3232
92	8.664632347	41.46986809	41.79306809	0.3232
93	8.757800436	41.90416809	42.22736809	0.3232
94	8.850968526	42.33846809	42.66166809	0.3232
95	8.944136616	42.77276809	43.09596809	0.3232
96	9.037304706	43.20706809	43.53026809	0.3232
19	1.863361795	43.64136809	43.85346809	0.2121
97	9.130472795	43.96456809	44.28776809	0.3232
98	9.223640885	44.39886809	44.72206809	0.3232
99	9.316808975	44.83316809	45.15636809	0.3232
20	1.956529885	45.16746809	45.49066809	0.3232
22	2.142866064	45.60176809	45.81386809	0.2121
24	2.329202244	45.82496809	45.92596809	0.101
26	2.515538423	45.92596809	46.02696809	0.101
29	2.795042692	46.02696809	46.35016809	0.3232
30	2.888210782	46.46126809	46.67336809	0.2121
31	2.981378872	46.68446809	47.00766809	0.3232
6	0.652176628	47.01876809	47.11976809	0.101
34	3.260883141	47.11976809	47.33186809	0.2121
35	3.354051231	47.34296809	47.66616809	0.3232
37	3.54038741	47.77726809	47.98936809	0.2121
40	3.81989168	48.10046809	48.31256809	0.2121
41	3.913059769	48.42366809	48.63576809	0.2121
43	4.099395949	48.64686809	48.97006809	0.3232
45	4.285732128	49.08116809	49.29326809	0.2121
47	4.472068308	49.30436809	49.40536809	0.101
48	4.565236398	49.40536809	49.72856809	0.3232
49	4.658404487	49.73966809	49.84066809	0.101
50	4.751572577	49.84066809	50.16386809	0.3232
51	4.844740667	50.17496809	50.49816809	0.3232
54	5.124244936	50.50926809	50.61026809	0.101
61	5.776421564	50.61026809	50.82236809	0.2121
62	5.869589654	50.93346809	51.14556809	0.2121
63	5.962757744	51.25666809	51.46876809	0.2121
64	6.055925834	51.47986809	51.58086809	0.101
65	6.149093923	51.58086809	51.79296809	0.2121
66	6.242262013	51.80406809	51.90506809	0.101
67	6.335430103	51.90506809	52.22826809	0.3232
68	6.428598193	52.23936809	52.56256809	0.3232
13	1.304353256	52.57366809	52.67466809	0.101
69	6.521766282	52.67466809	52.77566809	0.101
70	6.614934372	52.77566809	53.09886809	0.3232
71	6.708102462	53.10996809	53.43316809	0.3232
73	6.894438641	53.54426809	53.75636809	0.2121
14	1.397521346	53.76746809	53.86846809	0.101
76	7.173942911	53.86846809	54.19166809	0.3232
78	7.36027909	54.20276809	54.52596809	0.3232
79	7.45344718	54.53706809	54.63806809	0.101
80	7.54661527	54.63806809	54.85016809	0.2121
81	7.639783359	54.86126809	54.96226809	0.101
84	7.919287629	54.96226809	55.17436809	0.2121
88	8.291959988	55.18546809	55.28646809	0.101
92	8.664632347	55.28646809	55.38746809	0.101
94	8.850968526	55.38746809	55.59956809	0.2121
96	9.037304706	55.71066809	55.92276809	0.2121
98	9.223640885	56.03386809	56.24596809	0.2121
24	2.329202244	56.25706809	56.35806809	0.101
26	2.515538423	56.35806809	56.45906809	0.101
47	4.472068308	56.45906809	56.56006809	0.101
49	4.658404487	56.56006809	56.66106809	0.101
54	5.124244936	56.66106809	56.76206809	0.101
64	6.055925834	56.76206809	56.86306809	0.101
66	6.242262013	56.86306809	56.96406809	0.101
69	6.521766282	56.96406809	57.06506809	0.101
79	7.45344718	57.06506809	57.16606809	0.101
81	7.639783359	57.16606809	57.26706809	0.101
88	8.291959988	57.26706809	57.36806809	0.101
92	8.664632347	57.36806809	57.46906809	0.101
----------------------------
DAO Server:
0	0.09316809	0.29536809	0.50746809	0.2121
1	0.186336179	0.72966809	0.94176809	0.2121
2	0.279504269	1.16396809	1.37606809	0.2121
3	0.372672359	1.59826809	1.81036809	0.2121
4	0.465840449	2.03256809	2.24466809	0.2121
5	0.559008538	2.46786809	2.67996809	0.2121
6	0.652176628	2.90216809	3.11426809	0.2121
7	0.745344718	3.33646809	3.54856809	0.2121
8	0.838512808	3.77076809	3.98286809	0.2121
9	0.931680897	4.20506809	4.41716809	0.2121
10	1.024848987	4.96256809	5.17466809	0.2121
11	1.118017077	5.39686809	5.60896809	0.2121
12	1.211185167	5.83116809	6.04326809	0.2121
13	1.304353256	6.26546809	6.47756809	0.2121
14	1.397521346	6.69976809	6.91186809	0.2121
15	1.490689436	7.13406809	7.34616809	0.2121
16	1.583857526	7.56836809	7.78046809	0.2121
17	1.677025615	8.00266809	8.21476809	0.2121
18	1.770193705	8.43696809	8.64906809	0.2121
19	1.863361795	8.87126809	9.08336809	0.2121
20	1.956529885	9.30556809	9.51766809	0.2121
21	2.049697974	9.73986809	9.95196809	0.2121
22	2.142866064	10.17416809	10.38626809	0.2121
23	2.236034154	10.60846809	10.82056809	0.2121
4	0.465840449	10.94276809	11.15486809	0.2121
24	2.329202244	11.37706809	11.58916809	0.2121
25	2.422370333	11.81236809	12.02446809	0.2121
26	2.515538423	12.24666809	12.45876809	0.2121
27	2.608706513	12.68096809	12.89306809	0.2121
28	2.701874603	13.11526809	13.32736809	0.2121
29	2.795042692	13.54956809	13.76166809	0.2121
30	2.888210782	13.98386809	14.19596809	0.2121
31	2.981378872	14.41816809	14.63026809	0.2121
32	3.074546962	14.85246809	15.06456809	0.2121
33	3.167715051	15.28776809	15.49986809	0.2121
34	3.260883141	15.72206809	15.93416809	0.2121
35	3.354051231	16.15636809	16.36846809	0.2121
36	3.447219321	16.59066809	16.80276809	0.2121
37	3.54038741	17.02496809	17.23706809	0.2121
38	3.6335555	17.45926809	17.67136809	0.2121
39	3.72672359	17.89356809	18.10566809	0.2121
40	3.81989168	18.32786809	18.53996809	0.2121
41	3.913059769	18.76216809	18.97426809	0.2121
8	0.838512808	19.09646809	19.30856809	0.2121
42	4.006227859	19.53076809	19.74286809	0.2121
43	4.099395949	19.96506809	20.17716809	0.2121
44	4.192564039	20.39936809	20.61146809	0.2121
45	4.285732128	20.83366809	21.04576809	0.2121
46	4.378900218	21.26796809	21.48006809	0.2121
47	4.472068308	21.70226809	21.91436809	0.2121
48	4.565236398	22.13656809	22.34866809	0.2121
49	4.658404487	22.57086809	22.78296809	0.2121
50	4.751572577	23.00516809	23.21726809	0.2121
51	4.844740667	23.43946809	23.65156809	0.2121
52	4.937908757	23.87376809	24.08586809	0.2121
53	5.031076846	24.30806809	24.52016809	0.2121
54	5.124244936	24.74236809	24.95446809	0.2121
55	5.217413026	25.17666809	25.38876809	0.2121
56	5.310581116	25.61096809	25.82306809	0.2121
57	5.403749205	26.04526809	26.25736809	0.2121
58	5.496917295	26.47956809	26.69166809	0.2121
59	5.590085385	26.91386809	27.12596809	0.2121
60	5.683253475	27.34816809	27.56026809	0.2121
61	5.776421564	27.78246809	27.99456809	0.2121
62	5.869589654	28.21676809	28.42886809	0.2121
63	5.962757744	28.65106809	28.86316809	0.2121
64	6.055925834	29.08536809	29.29746809	0.2121
65	6.149093923	29.84286809	30.05496809	0.2121
66	6.242262013	30.27716809	30.48926809	0.2121
67	6.335430103	30.71146809	30.92356809	0.2121
68	6.428598193	31.14576809	31.35786809	0.2121
69	6.521766282	31.58106809	31.79316809	0.2121
70	6.614934372	32.01536809	32.22746809	0.2121
71	6.708102462	32.44966809	32.66176809	0.2121
72	6.801270552	32.88396809	33.09606809	0.2121
73	6.894438641	33.31826809	33.53036809	0.2121
74	6.987606731	33.75356809	33.96566809	0.2121
75	7.080774821	34.18786809	34.39996809	0.2121
76	7.173942911	34.62216809	34.83426809	0.2121
77	7.267111	35.05646809	35.26856809	0.2121
78	7.36027909	35.49076809	35.70286809	0.2121
79	7.45344718	35.92506809	36.13716809	0.2121
80	7.54661527	36.35936809	36.57146809	0.2121
81	7.639783359	36.79366809	37.00576809	0.2121
82	7.732951449	37.22796809	37.44006809	0.2121
83	7.826119539	37.66226809	37.87436809	0.2121
84	7.919287629	38.09656809	38.30866809	0.2121
85	8.012455718	38.53086809	38.74296809	0.2121
86	8.105623808	38.96516809	39.17726809	0.2121
87	8.198791898	39.39946809	39.61156809	0.2121
88	8.291959988	39.83376809	40.04586809	0.2121
89	8.385128077	40.26806809	40.48016809	0.2121
90	8.478296167	40.70236809	40.91446809	0.2121
91	8.571464257	41.13666809	41.34876809	0.2121
92	8.664632347	41.57096809	41.78306809	0.2121
93	8.757800436	42.00526809	42.21736809	0.2121
94	8.850968526	42.43956809	42.65166809	0.2121
95	8.944136616	42.87386809	43.08596809	0.2121
96	9.037304706	43.30816809	43.52026809	0.2121
97	9.130472795	44.06566809	44.27776809	0.2121
98	9.223640885	44.49996809	44.71206809	0.2121
99	9.316808975	44.93426809	45.14636809	0.2121
20	1.956529885	45.26856809	45.48066809	0.2121
29	2.795042692	46.12806809	46.34016809	0.2121
31	2.981378872	46.78556809	46.99766809	0.2121
35	3.354051231	47.44406809	47.65616809	0.2121
43	4.099395949	48.74796809	48.96006809	0.2121
48	4.565236398	49.50646809	49.71856809	0.2121
50	4.751572577	49.94176809	50.15386809	0.2121
51	4.844740667	50.27606809	50.48816809	0.2121
67	6.335430103	52.00616809	52.21826809	0.2121
68	6.428598193	52.34046809	52.55256809	0.2121
70	6.614934372	52.87676809	53.08886809	0.2121
71	6.708102462	53.21106809	53.42316809	0.2121
76	7.173942911	53.96956809	54.18166809	0.2121
78	7.36027909	54.30386809	54.51596809	0.2121
----------------------------
SQL DataBase:
0	0.09316809	0.39646809	0.49746809	0.101
1	0.186336179	0.83076809	0.93176809	0.101
2	0.279504269	1.26506809	1.36606809	0.101
3	0.372672359	1.69936809	1.80036809	0.101
4	0.465840449	2.13366809	2.23466809	0.101
5	0.559008538	2.56896809	2.66996809	0.101
6	0.652176628	3.00326809	3.10426809	0.101
7	0.745344718	3.43756809	3.53856809	0.101
8	0.838512808	3.87186809	3.97286809	0.101
9	0.931680897	4.30616809	4.40716809	0.101
10	1.024848987	5.06366809	5.16466809	0.101
11	1.118017077	5.49796809	5.59896809	0.101
12	1.211185167	5.93226809	6.03326809	0.101
13	1.304353256	6.36656809	6.46756809	0.101
14	1.397521346	6.80086809	6.90186809	0.101
15	1.490689436	7.23516809	7.33616809	0.101
16	1.583857526	7.66946809	7.77046809	0.101
17	1.677025615	8.10376809	8.20476809	0.101
18	1.770193705	8.53806809	8.63906809	0.101
19	1.863361795	8.97236809	9.07336809	0.101
20	1.956529885	9.40666809	9.50766809	0.101
21	2.049697974	9.84096809	9.94196809	0.101
22	2.142866064	10.27526809	10.37626809	0.101
23	2.236034154	10.70956809	10.81056809	0.101
4	0.465840449	11.04386809	11.14486809	0.101
24	2.329202244	11.47816809	11.57916809	0.101
25	2.422370333	11.91346809	12.01446809	0.101
26	2.515538423	12.34776809	12.44876809	0.101
27	2.608706513	12.78206809	12.88306809	0.101
28	2.701874603	13.21636809	13.31736809	0.101
29	2.795042692	13.65066809	13.75166809	0.101
30	2.888210782	14.08496809	14.18596809	0.101
31	2.981378872	14.51926809	14.62026809	0.101
32	3.074546962	14.95356809	15.05456809	0.101
33	3.167715051	15.38886809	15.48986809	0.101
34	3.260883141	15.82316809	15.92416809	0.101
35	3.354051231	16.25746809	16.35846809	0.101
36	3.447219321	16.69176809	16.79276809	0.101
37	3.54038741	17.12606809	17.22706809	0.101
38	3.6335555	17.56036809	17.66136809	0.101
39	3.72672359	17.99466809	18.09566809	0.101
40	3.81989168	18.42896809	18.52996809	0.101
41	3.913059769	18.86326809	18.96426809	0.101
8	0.838512808	19.19756809	19.29856809	0.101
42	4.006227859	19.63186809	19.73286809	0.101
43	4.099395949	20.06616809	20.16716809	0.101
44	4.192564039	20.50046809	20.60146809	0.101
45	4.285732128	20.93476809	21.03576809	0.101
46	4.378900218	21.36906809	21.47006809	0.101
47	4.472068308	21.80336809	21.90436809	0.101
48	4.565236398	22.23766809	22.33866809	0.101
49	4.658404487	22.67196809	22.77296809	0.101
50	4.751572577	23.10626809	23.20726809	0.101
51	4.844740667	23.54056809	23.64156809	0.101
52	4.937908757	23.97486809	24.07586809	0.101
53	5.031076846	24.40916809	24.51016809	0.101
54	5.124244936	24.84346809	24.94446809	0.101
55	5.217413026	25.27776809	25.37876809	0.101
56	5.310581116	25.71206809	25.81306809	0.101
57	5.403749205	26.14636809	26.24736809	0.101
58	5.496917295	26.58066809	26.68166809	0.101
59	5.590085385	27.01496809	27.11596809	0.101
60	5.683253475	27.44926809	27.55026809	0.101
61	5.776421564	27.88356809	27.98456809	0.101
62	5.869589654	28.31786809	28.41886809	0.101
63	5.962757744	28.75216809	28.85316809	0.101
64	6.055925834	29.18646809	29.28746809	0.101
65	6.149093923	29.94396809	30.04496809	0.101
66	6.242262013	30.37826809	30.47926809	0.101
67	6.335430103	30.81256809	30.91356809	0.101
68	6.428598193	31.24686809	31.34786809	0.101
69	6.521766282	31.68216809	31.78316809	0.101
70	6.614934372	32.11646809	32.21746809	0.101
71	6.708102462	32.55076809	32.65176809	0.101
72	6.801270552	32.98506809	33.08606809	0.101
73	6.894438641	33.41936809	33.52036809	0.101
74	6.987606731	33.85466809	33.95566809	0.101
75	7.080774821	34.28896809	34.38996809	0.101
76	7.173942911	34.72326809	34.82426809	0.101
77	7.267111	35.15756809	35.25856809	0.101
78	7.36027909	35.59186809	35.69286809	0.101
79	7.45344718	36.02616809	36.12716809	0.101
80	7.54661527	36.46046809	36.56146809	0.101
81	7.639783359	36.89476809	36.99576809	0.101
82	7.732951449	37.32906809	37.43006809	0.101
83	7.826119539	37.76336809	37.86436809	0.101
84	7.919287629	38.19766809	38.29866809	0.101
85	8.012455718	38.63196809	38.73296809	0.101
86	8.105623808	39.06626809	39.16726809	0.101
87	8.198791898	39.50056809	39.60156809	0.101
88	8.291959988	39.93486809	40.03586809	0.101
89	8.385128077	40.36916809	40.47016809	0.101
90	8.478296167	40.80346809	40.90446809	0.101
91	8.571464257	41.23776809	41.33876809	0.101
92	8.664632347	41.67206809	41.77306809	0.101
93	8.757800436	42.10636809	42.20736809	0.101
94	8.850968526	42.54066809	42.64166809	0.101
95	8.944136616	42.97496809	43.07596809	0.101
96	9.037304706	43.40926809	43.51026809	0.101
97	9.130472795	44.16676809	44.26776809	0.101
98	9.223640885	44.60106809	44.70206809	0.101
99	9.316808975	45.03536809	45.13636809	0.101
20	1.956529885	45.36966809	45.47066809	0.101
29	2.795042692	46.22916809	46.33016809	0.101
31	2.981378872	46.88666809	46.98766809	0.101
35	3.354051231	47.54516809	47.64616809	0.101
43	4.099395949	48.84906809	48.95006809	0.101
48	4.565236398	49.60756809	49.70856809	0.101
50	4.751572577	50.04286809	50.14386809	0.101
51	4.844740667	50.37716809	50.47816809	0.101
67	6.335430103	52.10726809	52.20826809	0.101
68	6.428598193	52.44156809	52.54256809	0.101
70	6.614934372	52.97786809	53.07886809	0.101
71	6.708102462	53.31216809	53.41316809	0.101
76	7.173942911	54.07066809	54.17166809	0.101
78	7.36027909	54.40496809	54.50596809	0.101
----------------------------
Printer:
1	0.186336179	4.63936809	4.74036809	0.101
12	1.211185167	29.51966809	29.62066809	0.101
19	1.863361795	43.74246809	43.84346809	0.101
22	2.142866064	45.70286809	45.80386809	0.101
30	2.888210782	46.56236809	46.66336809	0.101
34	3.260883141	47.22086809	47.32186809	0.101
37	3.54038741	47.87836809	47.97936809	0.101
40	3.81989168	48.20156809	48.30256809	0.101
41	3.913059769	48.52476809	48.62576809	0.101
45	4.285732128	49.18226809	49.28326809	0.101
61	5.776421564	50.71136809	50.81236809	0.101
62	5.869589654	51.03456809	51.13556809	0.101
63	5.962757744	51.35776809	51.45876809	0.101
65	6.149093923	51.68196809	51.78296809	0.101
73	6.894438641	53.64536809	53.74636809	0.101
80	7.54661527	54.73916809	54.84016809	0.101
84	7.919287629	55.06336809	55.16436809	0.101
94	8.850968526	55.48856809	55.58956809	0.101
96	9.037304706	55.81176809	55.91276809	0.101
98	9.223640885	56.13496809	56.23596809	0.101
----------------------------
