Controller Server:
0	0.186336179	0.186336179	0.620636179	0.4343
1	0.372672359	0.620636179	1.054936179	0.4343
2	0.559008538	1.054936179	1.489236179	0.4343
0	0.186336179	1.489236179	1.490236179	0.001
3	0.745344718	1.490236179	1.924536179	0.4343
4	0.931680897	1.924536179	2.358836179	0.4343
1	0.372672359	2.358836179	2.359836179	0.001
5	1.118017077	2.359836179	2.794136179	0.4343
6	1.304353256	2.794136179	3.228436179	0.4343
2	0.559008538	3.228436179	3.229436179	0.001
7	1.490689436	3.229436179	3.663736179	0.4343
0	0.186336179	3.663736179	3.664736179	0.001
8	1.677025615	3.664736179	4.099036179	0.4343
9	1.863361795	4.099036179	4.533336179	0.4343
3	0.745344718	4.533336179	4.534336179	0.001
4	0.931680897	4.534336179	4.535336179	0.001
1	0.372672359	4.535336179	4.536336179	0.001
5	1.118017077	4.536336179	4.537336179	0.001
6	1.304353256	4.537336179	4.538336179	0.001
2	0.559008538	4.538336179	4.539336179	0.001
7	1.490689436	4.539336179	4.540336179	0.001
8	1.677025615	4.540336179	4.541336179	0.001
9	1.863361795	4.541336179	4.542336179	0.001
3	0.745344718	4.645436179	4.646436179	0.001
4	0.931680897	4.746436179	4.747436179	0.001
5	1.118017077	4.948436179	4.949436179	0.001
6	1.304353256	5.049436179	5.050436179	0.001
7	1.490689436	5.251436179	5.252436179	0.001
8	1.677025615	5.352436179	5.353436179	0.001
9	1.863361795	5.453436179	5.454436179	0.001
----------------------------
Service Server:
0	0.186336179	0.287436179	0.610636179	0.3232
1	0.372672359	0.721736179	1.044936179	0.3232
2	0.559008538	1.156036179	1.479236179	0.3232
0	0.186336179	1.490336179	1.591336179	0.101
3	0.745344718	1.591336179	1.914536179	0.3232
4	0.931680897	2.025636179	2.348836179	0.3232
1	0.372672359	2.359936179	2.460936179	0.101
5	1.118017077	2.460936179	2.784136179	0.3232
6	1.304353256	2.895236179	3.218436179	0.3232
2	0.559008538	3.229536179	3.330536179	0.101
7	1.490689436	3.330536179	3.653736179	0.3232
0	0.186336179	3.664836179	3.765836179	0.101
8	1.677025615	3.765836179	4.089036179	0.3232
9	1.863361795	4.200136179	4.523336179	0.3232
3	0.745344718	4.534436179	4.635436179	0.101
4	0.931680897	4.635436179	4.736436179	0.101
1	0.372672359	4.736436179	4.837436179	0.101
5	1.118017077	4.837436179	4.938436179	0.101
6	1.304353256	4.938436179	5.039436179	0.101
2	0.559008538	5.039436179	5.140436179	0.101
7	1.490689436	5.140436179	5.241436179	0.101
8	1.677025615	5.241436179	5.342436179	0.101
9	1.863361795	5.342436179	5.443436179	0.101
3	0.745344718	5.443436179	5.544436179	0.101
4	0.931680897	5.544436179	5.645436179	0.101
5	1.118017077	5.645436179	5.746436179	0.101
6	1.304353256	5.746436179	5.847436179	0.101
7	1.490689436	5.847436179	5.948436179	0.101
8	1.677025615	5.948436179	6.049436179	0.101
9	1.863361795	6.049436179	6.150436179	0.101
----------------------------
DAO Server:
0	0.186336179	0.388536179	0.600636179	0.2121
1	0.372672359	0.822836179	1.034936179	0.2121
2	0.559008538	1.257136179	1.469236179	0.2121
3	0.745344718	1.692436179	1.904536179	0.2121
4	0.931680897	2.126736179	2.338836179	0.2121
5	1.118017077	2.562036179	2.774136179	0.2121
6	1.304353256	2.996336179	3.208436179	0.2121
7	1.490689436	3.431636179	3.643736179	0.2121
8	1.677025615	3.866936179	4.079036179	0.2121
9	1.863361795	4.301236179	4.513336179	0.2121
----------------------------
SQL DataBase:
0	0.186336179	0.489636179	0.590636179	0.101
1	0.372672359	0.923936179	1.024936179	0.101
2	0.559008538	1.358236179	1.459236179	0.101
3	0.745344718	1.793536179	1.894536179	0.101
4	0.931680897	2.227836179	2.328836179	0.101
5	1.118017077	2.663136179	2.764136179	0.101
6	1.304353256	3.097436179	3.198436179	0.101
7	1.490689436	3.532736179	3.633736179	0.101
8	1.677025615	3.968036179	4.069036179	0.101
9	1.863361795	4.402336179	4.503336179	0.101
----------------------------
Printer:
----------------------------
