Controller Server:
0	0.09316809	0.09316809	0.52746809	0.4343
1	0.186336179	0.52746809	0.96176809	0.4343
2	0.279504269	0.96176809	1.39606809	0.4343
3	0.372672359	1.39606809	1.83036809	0.4343
4	0.465840449	1.83036809	2.26466809	0.4343
0	0.09316809	2.26466809	2.26566809	0.001
5	0.559008538	2.26566809	2.69996809	0.4343
6	0.652176628	2.69996809	3.13426809	0.4343
7	0.745344718	3.13426809	3.56856809	0.4343
8	0.838512808	3.56856809	4.00286809	0.4343
9	0.931680897	4.00286809	4.43716809	0.4343
1	0.186336179	4.43716809	4.43816809	0.001
2	0.279504269	4.43816809	4.43916809	0.001
3	0.372672359	4.43916809	4.44016809	0.001
4	0.465840449	4.44016809	4.44116809	0.001
0	0.09316809	4.44116809	4.44216809	0.001
5	0.559008538	4.44216809	4.44316809	0.001
6	0.652176628	4.44316809	4.44416809	0.001
7	0.745344718	4.44416809	4.44516809	0.001
8	0.838512808	4.44516809	4.44616809	0.001
9	0.931680897	4.44616809	4.44716809	0.001
1	0.186336179	4.44716809	4.44816809	0.001
2	0.279504269	4.44816809	4.44916809	0.001
3	0.372672359	4.44916809	4.45016809	0.001
4	0.465840449	4.45016809	4.45116809	0.001
5	0.559008538	4.45116809	4.45216809	0.001
6	0.652176628	4.45216809	4.45316809	0.001
7	0.745344718	4.45316809	4.45416809	0.001
8	0.838512808	4.45416809	4.45516809	0.001
9	0.931680897	4.45516809	4.45616809	0.001
----------------------------
Service Server:
0	0.09316809	0.19426809	0.51746809	0.3232
1	0.186336179	0.62856809	0.95176809	0.3232
2	0.279504269	1.06286809	1.38606809	0.3232
3	0.372672359	1.49716809	1.82036809	0.3232
4	0.465840449	1.93146809	2.25466809	0.3232
0	0.09316809	2.26576809	2.36676809	0.101
5	0.559008538	2.36676809	2.68996809	0.3232
6	0.652176628	2.80106809	3.12426809	0.3232
7	0.745344718	3.23536809	3.55856809	0.3232
8	0.838512808	3.66966809	3.99286809	0.3232
9	0.931680897	4.10396809	4.42716809	0.3232
1	0.186336179	4.43826809	4.53926809	0.101
2	0.279504269	4.53926809	4.64026809	0.101
3	0.372672359	4.64026809	4.74126809	0.101
4	0.465840449	4.74126809	4.84226809	0.101
0	0.09316809	4.84226809	4.94326809	0.101
5	0.559008538	4.94326809	5.04426809	0.101
6	0.652176628	5.04426809	5.14526809	0.101
7	0.745344718	5.14526809	5.24626809	0.101
8	0.838512808	5.24626809	5.34726809	0.101
9	0.931680897	5.34726809	5.44826809	0.101
1	0.186336179	5.44826809	5.54926809	0.101
2	0.279504269	5.54926809	5.65026809	0.101
3	0.372672359	5.65026809	5.75126809	0.101
4	0.465840449	5.75126809	5.85226809	0.101
5	0.559008538	5.85226809	5.95326809	0.101
6	0.652176628	5.95326809	6.05426809	0.101
7	0.745344718	6.05426809	6.15526809	0.101
8	0.838512808	6.15526809	6.25626809	0.101
9	0.931680897	6.25626809	6.35726809	0.101
----------------------------
DAO Server:
0	0.09316809	0.29536809	0.50746809	0.2121
1	0.186336179	0.72966809	0.94176809	0.2121
2	0.279504269	1.16396809	1.37606809	0.2121
3	0.372672359	1.59826809	1.81036809	0.2121
4	0.465840449	2.03256809	2.24466809	0.2121
5	0.559008538	2.46786809	2.67996809	0.2121
6	0.652176628	2.90216809	3.11426809	0.2121
7	0.745344718	3.33646809	3.54856809	0.2121
8	0.838512808	3.77076809	3.98286809	0.2121
9	0.931680897	4.20506809	4.41716809	0.2121
----------------------------
SQL DataBase:
0	0.09316809	0.39646809	0.49746809	0.101
1	0.186336179	0.83076809	0.93176809	0.101
2	0.279504269	1.26506809	1.36606809	0.101
3	0.372672359	1.69936809	1.80036809	0.101
4	0.465840449	2.13366809	2.23466809	0.101
5	0.559008538	2.56896809	2.66996809	0.101
6	0.652176628	3.00326809	3.10426809	0.101
7	0.745344718	3.43756809	3.53856809	0.101
8	0.838512808	3.87186809	3.97286809	0.101
9	0.931680897	4.30616809	4.40716809	0.101
----------------------------
Printer:
----------------------------
