Controller Server:
0	0.372672359	0.372672359	0.806972359	0.4343
1	0.745344718	0.806972359	1.241272359	0.4343
0	0.372672359	1.241272359	1.242272359	0.001
2	1.118017077	1.242272359	1.777572359	0.5353
1	0.745344718	1.777572359	1.778572359	0.001
3	1.490689436	1.778572359	2.313872359	0.5353
2	1.118017077	2.313872359	2.314872359	0.001
4	1.863361795	2.314872359	2.850172359	0.5353
5	2.236034154	2.850172359	3.284472359	0.4343
3	1.490689436	3.284472359	3.285472359	0.001
6	2.608706513	3.285472359	3.820772359	0.5353
4	1.863361795	3.820772359	3.821772359	0.001
7	2.981378872	3.821772359	4.357072359	0.5353
5	2.236034154	4.357072359	4.358072359	0.001
8	3.354051231	4.358072359	4.893372359	0.5353
9	3.72672359	4.893372359	5.327672359	0.4343
6	2.608706513	5.327672359	5.328672359	0.001
7	2.981378872	5.328672359	5.329672359	0.001
8	3.354051231	5.329672359	5.330672359	0.001
9	3.72672359	5.330672359	5.331672359	0.001
----------------------------
Service Server:
0	0.372672359	0.473772359	0.796972359	0.3232
1	0.745344718	0.908072359	1.231272359	0.3232
0	0.372672359	1.242372359	1.343372359	0.101
0	0.372672359	1.343372359	1.444372359	0.101
2	1.118017077	1.444372359	1.767572359	0.3232
1	0.745344718	1.778672359	1.879672359	0.101
1	0.745344718	1.879672359	1.980672359	0.101
3	1.490689436	1.980672359	2.303872359	0.3232
2	1.118017077	2.314972359	2.415972359	0.101
2	1.118017077	2.415972359	2.516972359	0.101
4	1.863361795	2.516972359	2.840172359	0.3232
5	2.236034154	2.951272359	3.274472359	0.3232
3	1.490689436	3.285572359	3.386572359	0.101
3	1.490689436	3.386572359	3.487572359	0.101
6	2.608706513	3.487572359	3.810772359	0.3232
4	1.863361795	3.821872359	3.922872359	0.101
4	1.863361795	3.922872359	4.023872359	0.101
7	2.981378872	4.023872359	4.347072359	0.3232
5	2.236034154	4.358172359	4.459172359	0.101
5	2.236034154	4.459172359	4.560172359	0.101
8	3.354051231	4.560172359	4.883372359	0.3232
9	3.72672359	4.994472359	5.317672359	0.3232
6	2.608706513	5.328772359	5.429772359	0.101
6	2.608706513	5.429772359	5.530772359	0.101
7	2.981378872	5.530772359	5.631772359	0.101
7	2.981378872	5.631772359	5.732772359	0.101
8	3.354051231	5.732772359	5.833772359	0.101
8	3.354051231	5.833772359	5.934772359	0.101
9	3.72672359	5.934772359	6.035772359	0.101
9	3.72672359	6.035772359	6.136772359	0.101
----------------------------
DAO Server:
0	0.372672359	0.574872359	0.786972359	0.2121
1	0.745344718	1.009172359	1.221272359	0.2121
2	1.118017077	1.545472359	1.757572359	0.2121
3	1.490689436	2.081772359	2.293872359	0.2121
4	1.863361795	2.618072359	2.830172359	0.2121
5	2.236034154	3.052372359	3.264472359	0.2121
6	2.608706513	3.588672359	3.800772359	0.2121
7	2.981378872	4.124972359	4.337072359	0.2121
8	3.354051231	4.661272359	4.873372359	0.2121
9	3.72672359	5.095572359	5.307672359	0.2121
----------------------------
SQL DataBase:
0	0.372672359	0.675972359	0.776972359	0.101
1	0.745344718	1.110272359	1.211272359	0.101
2	1.118017077	1.646572359	1.747572359	0.101
3	1.490689436	2.182872359	2.283872359	0.101
4	1.863361795	2.719172359	2.820172359	0.101
5	2.236034154	3.153472359	3.254472359	0.101
6	2.608706513	3.689772359	3.790772359	0.101
7	2.981378872	4.226072359	4.327072359	0.101
8	3.354051231	4.762372359	4.863372359	0.101
9	3.72672359	5.196672359	5.297672359	0.101
----------------------------
Printer:
----------------------------
