Controller Server:
0	0.09316809	0.09316809	0.52746809	0.4343
1	0.186336179	0.52746809	0.96176809	0.4343
2	0.279504269	0.96176809	1.39606809	0.4343
3	0.372672359	1.39606809	1.83036809	0.4343
4	0.465840449	1.83036809	2.26466809	0.4343
0	0.09316809	2.26466809	2.37676809	0.1121
5	0.559008538	2.37676809	2.81106809	0.4343
6	0.652176628	2.81106809	3.24536809	0.4343
7	0.745344718	3.24536809	3.67966809	0.4343
8	0.838512808	3.67966809	4.11396809	0.4343
9	0.931680897	4.11396809	4.54826809	0.4343
1	0.186336179	4.54826809	4.66036809	0.1121
2	0.279504269	4.66036809	4.77246809	0.1121
3	0.372672359	4.77246809	4.88456809	0.1121
4	0.465840449	4.88456809	4.99666809	0.1121
0	0.09316809	4.99666809	5.10876809	0.1121
5	0.559008538	5.10876809	5.22086809	0.1121
6	0.652176628	5.22086809	5.33296809	0.1121
7	0.745344718	5.33296809	5.44506809	0.1121
8	0.838512808	5.44506809	5.55716809	0.1121
9	0.931680897	5.55716809	5.66926809	0.1121
1	0.186336179	5.66926809	5.78136809	0.1121
2	0.279504269	5.78136809	5.89346809	0.1121
3	0.372672359	5.89346809	6.00556809	0.1121
4	0.465840449	6.00556809	6.11766809	0.1121
5	0.559008538	6.11766809	6.22976809	0.1121
6	0.652176628	6.22976809	6.34186809	0.1121
7	0.745344718	6.34186809	6.45396809	0.1121
8	0.838512808	6.45396809	6.56606809	0.1121
9	0.931680897	6.56606809	6.67816809	0.1121
----------------------------
Service Server:
0	0.09316809	0.19426809	0.51746809	0.3232
1	0.186336179	0.62856809	0.95176809	0.3232
2	0.279504269	1.06286809	1.38606809	0.3232
3	0.372672359	1.49716809	1.82036809	0.3232
4	0.465840449	1.93146809	2.25466809	0.3232
0	0.09316809	2.26576809	2.36676809	0.101
5	0.559008538	2.47786809	2.80106809	0.3232
6	0.652176628	2.91216809	3.23536809	0.3232
7	0.745344718	3.34646809	3.66966809	0.3232
8	0.838512808	3.78076809	4.10396809	0.3232
9	0.931680897	4.21506809	4.53826809	0.3232
1	0.186336179	4.54936809	4.65036809	0.101
2	0.279504269	4.66146809	4.76246809	0.101
3	0.372672359	4.77356809	4.87456809	0.101
4	0.465840449	4.88566809	4.98666809	0.101
0	0.09316809	4.99776809	5.09876809	0.101
5	0.559008538	5.10986809	5.21086809	0.101
6	0.652176628	5.22196809	5.32296809	0.101
7	0.745344718	5.33406809	5.43506809	0.101
8	0.838512808	5.44616809	5.54716809	0.101
9	0.931680897	5.55826809	5.65926809	0.101
1	0.186336179	5.67036809	5.77136809	0.101
2	0.279504269	5.78246809	5.88346809	0.101
3	0.372672359	5.89456809	5.99556809	0.101
4	0.465840449	6.00666809	6.10766809	0.101
5	0.559008538	6.11876809	6.21976809	0.101
6	0.652176628	6.23086809	6.33186809	0.101
7	0.745344718	6.34296809	6.44396809	0.101
8	0.838512808	6.45506809	6.55606809	0.101
9	0.931680897	6.56716809	6.66816809	0.101
----------------------------
DAO Server:
0	0.09316809	0.29536809	0.50746809	0.2121
1	0.186336179	0.72966809	0.94176809	0.2121
2	0.279504269	1.16396809	1.37606809	0.2121
3	0.372672359	1.59826809	1.81036809	0.2121
4	0.465840449	2.03256809	2.24466809	0.2121
5	0.559008538	2.57896809	2.79106809	0.2121
6	0.652176628	3.01326809	3.22536809	0.2121
7	0.745344718	3.44756809	3.65966809	0.2121
8	0.838512808	3.88186809	4.09396809	0.2121
9	0.931680897	4.31616809	4.52826809	0.2121
----------------------------
SQL DataBase:
0	0.09316809	0.39646809	0.49746809	0.101
1	0.186336179	0.83076809	0.93176809	0.101
2	0.279504269	1.26506809	1.36606809	0.101
3	0.372672359	1.69936809	1.80036809	0.101
4	0.465840449	2.13366809	2.23466809	0.101
5	0.559008538	2.68006809	2.78106809	0.101
6	0.652176628	3.11436809	3.21536809	0.101
7	0.745344718	3.54866809	3.64966809	0.101
8	0.838512808	3.98296809	4.08396809	0.101
9	0.931680897	4.41726809	4.51826809	0.101
----------------------------
Printer:
----------------------------
