Controller Server:
0	0.372672359	0.372672359	0.806972359	0.4343
1	0.745344718	0.806972359	1.241272359	0.4343
0	0.372672359	1.241272359	1.242272359	0.001
2	1.118017077	1.242272359	1.676572359	0.4343
1	0.745344718	1.676572359	1.677572359	0.001
0	0.372672359	1.677572359	1.678572359	0.001
3	1.490689436	1.678572359	2.212872359	0.5343
2	1.118017077	2.212872359	2.213872359	0.001
1	0.745344718	2.213872359	2.214872359	0.001
4	1.863361795	2.214872359	2.749172359	0.5343
3	1.490689436	2.749172359	2.750172359	0.001
5	2.236034154	2.750172359	3.184472359	0.4343
2	1.118017077	3.184472359	3.185472359	0.001
6	2.608706513	3.185472359	3.619772359	0.4343
4	1.863361795	3.619772359	3.620772359	0.001
3	1.490689436	3.620772359	3.621772359	0.001
7	2.981378872	3.621772359	4.156072359	0.5343
5	2.236034154	4.156072359	4.157072359	0.001
8	3.354051231	4.157072359	4.591372359	0.4343
6	2.608706513	4.591372359	4.592372359	0.001
9	3.72672359	4.592372359	5.026672359	0.4343
4	1.863361795	5.026672359	5.027672359	0.001
7	2.981378872	5.027672359	5.028672359	0.001
5	2.236034154	5.028672359	5.029672359	0.001
8	3.354051231	5.029672359	5.030672359	0.001
6	2.608706513	5.030672359	5.031672359	0.001
9	3.72672359	5.031672359	5.032672359	0.001
7	2.981378872	5.239772359	5.240772359	0.001
8	3.354051231	5.441772359	5.442772359	0.001
9	3.72672359	5.643772359	5.644772359	0.001
----------------------------
Service Server:
0	0.372672359	0.473772359	0.796972359	0.3232
1	0.745344718	0.908072359	1.231272359	0.3232
0	0.372672359	1.242372359	1.343372359	0.101
2	1.118017077	1.343372359	1.666572359	0.3232
1	0.745344718	1.677672359	1.778672359	0.101
0	0.372672359	1.778672359	1.879672359	0.101
3	1.490689436	1.879672359	2.202872359	0.3232
2	1.118017077	2.213972359	2.314972359	0.101
1	0.745344718	2.314972359	2.415972359	0.101
4	1.863361795	2.415972359	2.739172359	0.3232
3	1.490689436	2.750272359	2.851272359	0.101
5	2.236034154	2.851272359	3.174472359	0.3232
2	1.118017077	3.185572359	3.286572359	0.101
6	2.608706513	3.286572359	3.609772359	0.3232
4	1.863361795	3.620872359	3.721872359	0.101
3	1.490689436	3.721872359	3.822872359	0.101
7	2.981378872	3.822872359	4.146072359	0.3232
5	2.236034154	4.157172359	4.258172359	0.101
8	3.354051231	4.258172359	4.581372359	0.3232
6	2.608706513	4.592472359	4.693472359	0.101
9	3.72672359	4.693472359	5.016672359	0.3232
4	1.863361795	5.027772359	5.128772359	0.101
7	2.981378872	5.128772359	5.229772359	0.101
5	2.236034154	5.229772359	5.330772359	0.101
8	3.354051231	5.330772359	5.431772359	0.101
6	2.608706513	5.431772359	5.532772359	0.101
9	3.72672359	5.532772359	5.633772359	0.101
7	2.981378872	5.633772359	5.734772359	0.101
8	3.354051231	5.734772359	5.835772359	0.101
9	3.72672359	5.835772359	5.936772359	0.101
----------------------------
DAO Server:
0	0.372672359	0.574872359	0.786972359	0.2121
1	0.745344718	1.009172359	1.221272359	0.2121
2	1.118017077	1.444472359	1.656572359	0.2121
3	1.490689436	1.980772359	2.192872359	0.2121
4	1.863361795	2.517072359	2.729172359	0.2121
5	2.236034154	2.952372359	3.164472359	0.2121
6	2.608706513	3.387672359	3.599772359	0.2121
7	2.981378872	3.923972359	4.136072359	0.2121
8	3.354051231	4.359272359	4.571372359	0.2121
9	3.72672359	4.794572359	5.006672359	0.2121
----------------------------
SQL DataBase:
0	0.372672359	0.675972359	0.776972359	0.101
1	0.745344718	1.110272359	1.211272359	0.101
2	1.118017077	1.545572359	1.646572359	0.101
3	1.490689436	2.081872359	2.182872359	0.101
4	1.863361795	2.618172359	2.719172359	0.101
5	2.236034154	3.053472359	3.154472359	0.101
6	2.608706513	3.488772359	3.589772359	0.101
7	2.981378872	4.025072359	4.126072359	0.101
8	3.354051231	4.460372359	4.561372359	0.101
9	3.72672359	4.895672359	4.996672359	0.101
----------------------------
Printer:
----------------------------
