Controller Server:
0	0.372672359	0.372672359	0.806972359	0.4343
1	0.745344718	0.806972359	1.241272359	0.4343
0	0.372672359	1.241272359	1.454372359	0.2131
2	1.118017077	1.454372359	1.888672359	0.4343
1	0.745344718	1.888672359	2.101772359	0.2131
3	1.490689436	2.101772359	2.536072359	0.4343
4	1.863361795	2.536072359	2.970372359	0.4343
2	1.118017077	2.970372359	3.183472359	0.2131
5	2.236034154	3.183472359	3.617772359	0.4343
3	1.490689436	3.617772359	3.830872359	0.2131
6	2.608706513	3.830872359	4.265172359	0.4343
4	1.863361795	4.265172359	4.478272359	0.2131
7	2.981378872	4.478272359	4.912572359	0.4343
8	3.354051231	4.912572359	5.346872359	0.4343
5	2.236034154	5.346872359	5.559972359	0.2131
9	3.72672359	5.559972359	5.994272359	0.4343
6	2.608706513	5.994272359	6.207372359	0.2131
7	2.981378872	6.207372359	6.420472359	0.2131
8	3.354051231	6.420472359	6.633572359	0.2131
9	3.72672359	6.633572359	6.846672359	0.2131
----------------------------
Service Server:
0	0.372672359	0.473772359	0.796972359	0.3232
1	0.745344718	0.908072359	1.231272359	0.3232
0	0.372672359	1.242372359	1.343372359	0.101
0	0.372672359	1.343372359	1.444372359	0.101
2	1.118017077	1.555472359	1.878672359	0.3232
1	0.745344718	1.889772359	1.990772359	0.101
1	0.745344718	1.990772359	2.091772359	0.101
3	1.490689436	2.202872359	2.526072359	0.3232
4	1.863361795	2.637172359	2.960372359	0.3232
2	1.118017077	2.971472359	3.072472359	0.101
2	1.118017077	3.072472359	3.173472359	0.101
5	2.236034154	3.284572359	3.607772359	0.3232
3	1.490689436	3.618872359	3.719872359	0.101
3	1.490689436	3.719872359	3.820872359	0.101
6	2.608706513	3.931972359	4.255172359	0.3232
4	1.863361795	4.266272359	4.367272359	0.101
4	1.863361795	4.367272359	4.468272359	0.101
7	2.981378872	4.579372359	4.902572359	0.3232
8	3.354051231	5.013672359	5.336872359	0.3232
5	2.236034154	5.347972359	5.448972359	0.101
5	2.236034154	5.448972359	5.549972359	0.101
9	3.72672359	5.661072359	5.984272359	0.3232
6	2.608706513	5.995372359	6.096372359	0.101
6	2.608706513	6.096372359	6.197372359	0.101
7	2.981378872	6.208472359	6.309472359	0.101
7	2.981378872	6.309472359	6.410472359	0.101
8	3.354051231	6.421572359	6.522572359	0.101
8	3.354051231	6.522572359	6.623572359	0.101
9	3.72672359	6.634672359	6.735672359	0.101
9	3.72672359	6.735672359	6.836672359	0.101
----------------------------
DAO Server:
0	0.372672359	0.574872359	0.786972359	0.2121
1	0.745344718	1.009172359	1.221272359	0.2121
2	1.118017077	1.656572359	1.868672359	0.2121
3	1.490689436	2.303972359	2.516072359	0.2121
4	1.863361795	2.738272359	2.950372359	0.2121
5	2.236034154	3.385672359	3.597772359	0.2121
6	2.608706513	4.033072359	4.245172359	0.2121
7	2.981378872	4.680472359	4.892572359	0.2121
8	3.354051231	5.114772359	5.326872359	0.2121
9	3.72672359	5.762172359	5.974272359	0.2121
----------------------------
SQL DataBase:
0	0.372672359	0.675972359	0.776972359	0.101
1	0.745344718	1.110272359	1.211272359	0.101
2	1.118017077	1.757672359	1.858672359	0.101
3	1.490689436	2.405072359	2.506072359	0.101
4	1.863361795	2.839372359	2.940372359	0.101
5	2.236034154	3.486772359	3.587772359	0.101
6	2.608706513	4.134172359	4.235172359	0.101
7	2.981378872	4.781572359	4.882572359	0.101
8	3.354051231	5.215872359	5.316872359	0.101
9	3.72672359	5.863272359	5.964272359	0.101
----------------------------
Printer:
----------------------------
