Controller Server:
0	0.09316809	0.09316809	0.52746809	0.4343
1	0.186336179	0.52746809	0.96176809	0.4343
2	0.279504269	0.96176809	1.39606809	0.4343
3	0.372672359	1.39606809	1.83036809	0.4343
4	0.465840449	1.83036809	2.26466809	0.4343
0	0.09316809	2.26466809	2.47776809	0.2131
5	0.559008538	2.47776809	2.91206809	0.4343
6	0.652176628	2.91206809	3.34636809	0.4343
7	0.745344718	3.34636809	3.78066809	0.4343
8	0.838512808	3.78066809	4.21496809	0.4343
9	0.931680897	4.21496809	4.64926809	0.4343
1	0.186336179	4.64926809	4.86236809	0.2131
2	0.279504269	4.86236809	5.07546809	0.2131
3	0.372672359	5.07546809	5.28856809	0.2131
4	0.465840449	5.28856809	5.50166809	0.2131
5	0.559008538	5.50166809	5.71476809	0.2131
6	0.652176628	5.71476809	5.92786809	0.2131
7	0.745344718	5.92786809	6.14096809	0.2131
8	0.838512808	6.14096809	6.35406809	0.2131
9	0.931680897	6.35406809	6.56716809	0.2131
----------------------------
Service Server:
0	0.09316809	0.19426809	0.51746809	0.3232
1	0.186336179	0.62856809	0.95176809	0.3232
2	0.279504269	1.06286809	1.38606809	0.3232
3	0.372672359	1.49716809	1.82036809	0.3232
4	0.465840449	1.93146809	2.25466809	0.3232
0	0.09316809	2.26576809	2.36676809	0.101
0	0.09316809	2.36676809	2.46776809	0.101
5	0.559008538	2.57886809	2.90206809	0.3232
6	0.652176628	3.01316809	3.33636809	0.3232
7	0.745344718	3.44746809	3.77066809	0.3232
8	0.838512808	3.88176809	4.20496809	0.3232
9	0.931680897	4.31606809	4.63926809	0.3232
1	0.186336179	4.65036809	4.75136809	0.101
1	0.186336179	4.75136809	4.85236809	0.101
2	0.279504269	4.86346809	4.96446809	0.101
2	0.279504269	4.96446809	5.06546809	0.101
3	0.372672359	5.07656809	5.17756809	0.101
3	0.372672359	5.17756809	5.27856809	0.101
4	0.465840449	5.28966809	5.39066809	0.101
4	0.465840449	5.39066809	5.49166809	0.101
5	0.559008538	5.50276809	5.60376809	0.101
5	0.559008538	5.60376809	5.70476809	0.101
6	0.652176628	5.71586809	5.81686809	0.101
6	0.652176628	5.81686809	5.91786809	0.101
7	0.745344718	5.92896809	6.02996809	0.101
7	0.745344718	6.02996809	6.13096809	0.101
8	0.838512808	6.14206809	6.24306809	0.101
8	0.838512808	6.24306809	6.34406809	0.101
9	0.931680897	6.35516809	6.45616809	0.101
9	0.931680897	6.45616809	6.55716809	0.101
----------------------------
DAO Server:
0	0.09316809	0.29536809	0.50746809	0.2121
1	0.186336179	0.72966809	0.94176809	0.2121
2	0.279504269	1.16396809	1.37606809	0.2121
3	0.372672359	1.59826809	1.81036809	0.2121
4	0.465840449	2.03256809	2.24466809	0.2121
5	0.559008538	2.67996809	2.89206809	0.2121
6	0.652176628	3.11426809	3.32636809	0.2121
7	0.745344718	3.54856809	3.76066809	0.2121
8	0.838512808	3.98286809	4.19496809	0.2121
9	0.931680897	4.41716809	4.62926809	0.2121
----------------------------
SQL DataBase:
0	0.09316809	0.39646809	0.49746809	0.101
1	0.186336179	0.83076809	0.93176809	0.101
2	0.279504269	1.26506809	1.36606809	0.101
3	0.372672359	1.69936809	1.80036809	0.101
4	0.465840449	2.13366809	2.23466809	0.101
5	0.559008538	2.78106809	2.88206809	0.101
6	0.652176628	3.21536809	3.31636809	0.101
7	0.745344718	3.64966809	3.75066809	0.101
8	0.838512808	4.08396809	4.18496809	0.101
9	0.931680897	4.51826809	4.61926809	0.101
----------------------------
Printer:
----------------------------
