Controller Server:
0	0.09316809	0.09316809	0.52746809	0.4343
1	0.186336179	0.52746809	0.96176809	0.4343
2	0.279504269	0.96176809	1.39606809	0.4343
3	0.372672359	1.39606809	1.83036809	0.4343
4	0.465840449	1.83036809	2.26466809	0.4343
0	0.09316809	2.26466809	2.47776809	0.2131
5	0.559008538	2.47776809	2.91206809	0.4343
6	0.652176628	2.91206809	3.34636809	0.4343
7	0.745344718	3.34636809	3.78066809	0.4343
8	0.838512808	3.78066809	4.21496809	0.4343
9	0.931680897	4.21496809	4.64926809	0.4343
1	0.186336179	4.64926809	4.86236809	0.2131
10	1.024848987	4.86236809	5.29666809	0.4343
11	1.118017077	5.29666809	5.73096809	0.4343
12	1.211185167	5.73096809	6.16526809	0.4343
13	1.304353256	6.16526809	6.59956809	0.4343
2	0.279504269	6.59956809	6.81266809	0.2131
14	1.397521346	6.81266809	7.24696809	0.4343
15	1.490689436	7.24696809	7.68126809	0.4343
16	1.583857526	7.68126809	8.11556809	0.4343
17	1.677025615	8.11556809	8.54986809	0.4343
18	1.770193705	8.54986809	8.98416809	0.4343
3	0.372672359	8.98416809	9.19726809	0.2131
19	1.863361795	9.19726809	9.63156809	0.4343
4	0.465840449	9.63156809	9.84466809	0.2131
5	0.559008538	9.84466809	10.05776809	0.2131
6	0.652176628	10.05776809	10.27086809	0.2131
7	0.745344718	10.27086809	10.48396809	0.2131
8	0.838512808	10.48396809	10.69706809	0.2131
9	0.931680897	10.69706809	10.91016809	0.2131
10	1.024848987	10.91016809	11.12326809	0.2131
11	1.118017077	11.12326809	11.33636809	0.2131
12	1.211185167	11.33636809	11.54946809	0.2131
13	1.304353256	11.54946809	11.76256809	0.2131
14	1.397521346	11.76256809	11.97566809	0.2131
15	1.490689436	11.97566809	12.18876809	0.2131
16	1.583857526	12.18876809	12.40186809	0.2131
17	1.677025615	12.40186809	12.61496809	0.2131
18	1.770193705	12.61496809	12.82806809	0.2131
19	1.863361795	12.82806809	13.04116809	0.2131
----------------------------
Service Server:
0	0.09316809	0.19426809	0.51746809	0.3232
1	0.186336179	0.62856809	0.95176809	0.3232
2	0.279504269	1.06286809	1.38606809	0.3232
3	0.372672359	1.49716809	1.82036809	0.3232
4	0.465840449	1.93146809	2.25466809	0.3232
0	0.09316809	2.26576809	2.36676809	0.101
0	0.09316809	2.36676809	2.46776809	0.101
5	0.559008538	2.57886809	2.90206809	0.3232
6	0.652176628	3.01316809	3.33636809	0.3232
7	0.745344718	3.44746809	3.77066809	0.3232
8	0.838512808	3.88176809	4.20496809	0.3232
9	0.931680897	4.31606809	4.63926809	0.3232
1	0.186336179	4.65036809	4.75136809	0.101
1	0.186336179	4.75136809	4.85236809	0.101
10	1.024848987	4.96346809	5.28666809	0.3232
11	1.118017077	5.39776809	5.72096809	0.3232
12	1.211185167	5.83206809	6.15526809	0.3232
13	1.304353256	6.26636809	6.58956809	0.3232
2	0.279504269	6.60066809	6.70166809	0.101
2	0.279504269	6.70166809	6.80266809	0.101
14	1.397521346	6.91376809	7.23696809	0.3232
15	1.490689436	7.34806809	7.67126809	0.3232
16	1.583857526	7.78236809	8.10556809	0.3232
17	1.677025615	8.21666809	8.53986809	0.3232
18	1.770193705	8.65096809	8.97416809	0.3232
3	0.372672359	8.98526809	9.08626809	0.101
3	0.372672359	9.08626809	9.18726809	0.101
19	1.863361795	9.29836809	9.62156809	0.3232
4	0.465840449	9.63266809	9.73366809	0.101
4	0.465840449	9.73366809	9.83466809	0.101
5	0.559008538	9.84576809	9.94676809	0.101
5	0.559008538	9.94676809	10.04776809	0.101
6	0.652176628	10.05886809	10.15986809	0.101
6	0.652176628	10.15986809	10.26086809	0.101
7	0.745344718	10.27196809	10.37296809	0.101
7	0.745344718	10.37296809	10.47396809	0.101
8	0.838512808	10.48506809	10.58606809	0.101
8	0.838512808	10.58606809	10.68706809	0.101
9	0.931680897	10.69816809	10.79916809	0.101
9	0.931680897	10.79916809	10.90016809	0.101
10	1.024848987	10.91126809	11.01226809	0.101
10	1.024848987	11.01226809	11.11326809	0.101
11	1.118017077	11.12436809	11.22536809	0.101
11	1.118017077	11.22536809	11.32636809	0.101
12	1.211185167	11.33746809	11.43846809	0.101
12	1.211185167	11.43846809	11.53946809	0.101
13	1.304353256	11.55056809	11.65156809	0.101
13	1.304353256	11.65156809	11.75256809	0.101
14	1.397521346	11.76366809	11.86466809	0.101
14	1.397521346	11.86466809	11.96566809	0.101
15	1.490689436	11.97676809	12.07776809	0.101
15	1.490689436	12.07776809	12.17876809	0.101
16	1.583857526	12.18986809	12.29086809	0.101
16	1.583857526	12.29086809	12.39186809	0.101
17	1.677025615	12.40296809	12.50396809	0.101
17	1.677025615	12.50396809	12.60496809	0.101
18	1.770193705	12.61606809	12.71706809	0.101
18	1.770193705	12.71706809	12.81806809	0.101
19	1.863361795	12.82916809	12.93016809	0.101
19	1.863361795	12.93016809	13.03116809	0.101
----------------------------
DAO Server:
0	0.09316809	0.29536809	0.50746809	0.2121
1	0.186336179	0.72966809	0.94176809	0.2121
2	0.279504269	1.16396809	1.37606809	0.2121
3	0.372672359	1.59826809	1.81036809	0.2121
4	0.465840449	2.03256809	2.24466809	0.2121
5	0.559008538	2.67996809	2.89206809	0.2121
6	0.652176628	3.11426809	3.32636809	0.2121
7	0.745344718	3.54856809	3.76066809	0.2121
8	0.838512808	3.98286809	4.19496809	0.2121
9	0.931680897	4.41716809	4.62926809	0.2121
10	1.024848987	5.06456809	5.27666809	0.2121
11	1.118017077	5.49886809	5.71096809	0.2121
12	1.211185167	5.93316809	6.14526809	0.2121
13	1.304353256	6.36746809	6.57956809	0.2121
14	1.397521346	7.01486809	7.22696809	0.2121
15	1.490689436	7.44916809	7.66126809	0.2121
16	1.583857526	7.88346809	8.09556809	0.2121
17	1.677025615	8.31776809	8.52986809	0.2121
18	1.770193705	8.75206809	8.96416809	0.2121
19	1.863361795	9.39946809	9.61156809	0.2121
----------------------------
SQL DataBase:
0	0.09316809	0.39646809	0.49746809	0.101
1	0.186336179	0.83076809	0.93176809	0.101
2	0.279504269	1.26506809	1.36606809	0.101
3	0.372672359	1.69936809	1.80036809	0.101
4	0.465840449	2.13366809	2.23466809	0.101
5	0.559008538	2.78106809	2.88206809	0.101
6	0.652176628	3.21536809	3.31636809	0.101
7	0.745344718	3.64966809	3.75066809	0.101
8	0.838512808	4.08396809	4.18496809	0.101
9	0.931680897	4.51826809	4.61926809	0.101
10	1.024848987	5.16566809	5.26666809	0.101
11	1.118017077	5.59996809	5.70096809	0.101
12	1.211185167	6.03426809	6.13526809	0.101
13	1.304353256	6.46856809	6.56956809	0.101
14	1.397521346	7.11596809	7.21696809	0.101
15	1.490689436	7.55026809	7.65126809	0.101
16	1.583857526	7.98456809	8.08556809	0.101
17	1.677025615	8.41886809	8.51986809	0.101
18	1.770193705	8.85316809	8.95416809	0.101
19	1.863361795	9.50056809	9.60156809	0.101
----------------------------
Printer:
----------------------------
