Controller Server:
0	0.186336179	0.186336179	0.620636179	0.4343
1	0.372672359	0.372672359	0.806972359	0.4343
2	0.559008538	0.559008538	0.993308538	0.4343
0	0.186336179	0.620636179	1.094308538	0.473672359
3	0.745344718	0.745344718	1.179644718	0.4343
1	0.372672359	0.806972359	1.206408538	0.399436179
4	0.931680897	0.931680897	1.365980897	0.4343
2	0.559008538	0.993308538	1.466980897	0.473672359
5	1.118017077	1.118017077	1.552317077	0.4343
3	0.745344718	1.179644718	1.653317077	0.473672359
6	1.304353256	1.365980897	1.800280897	0.4343
4	0.931680897	1.466980897	1.579080897	0.1121
5	1.118017077	1.552317077	1.680080897	0.12776382
7	1.490689436	1.552317077	1.986617077	0.4343
8	1.677025615	1.677025615	2.123480897	0.446455282
6	1.304353256	1.800280897	1.912380897	0.1121
9	1.863361795	1.863361795	2.297661795	0.4343
7	1.490689436	1.986617077	2.098717077	0.1121
8	1.677025615	2.123480897	2.235580897	0.1121
9	1.863361795	2.297661795	2.409761795	0.1121
----------------------------
Service Server:
0	0.186336179	0.287436179	0.610636179	0.3232
1	0.372672359	0.473772359	0.796972359	0.3232
0	0.186336179	0.621736179	0.722736179	0.101
2	0.559008538	0.660108538	0.983308538	0.3232
1	0.372672359	0.808072359	0.909072359	0.101
3	0.745344718	0.846444718	1.169644718	0.3232
0	0.186336179	0.983308538	1.084308538	0.101
2	0.559008538	0.994408538	1.095408538	0.101
4	0.931680897	1.032780897	1.355980897	0.3232
1	0.372672359	1.095408538	1.196408538	0.101
3	0.745344718	1.180744718	1.281744718	0.101
5	1.118017077	1.219117077	1.542317077	0.3232
2	0.559008538	1.355980897	1.456980897	0.101
6	1.304353256	1.467080897	1.790280897	0.3232
4	0.931680897	1.468080897	1.569080897	0.101
4	0.931680897	1.468080897	1.569080897	0.101
3	0.745344718	1.542317077	1.643317077	0.101
5	1.118017077	1.553417077	1.654417077	0.101
5	1.118017077	1.569080897	1.670080897	0.101
7	1.490689436	1.653417077	1.976617077	0.3232
8	1.677025615	1.790280897	2.113480897	0.3232
6	1.304353256	1.801380897	1.902380897	0.101
6	1.304353256	1.801380897	1.902380897	0.101
9	1.863361795	1.964461795	2.287661795	0.3232
7	1.490689436	1.987717077	2.088717077	0.101
7	1.490689436	1.987717077	2.088717077	0.101
8	1.677025615	2.124580897	2.225580897	0.101
8	1.677025615	2.124580897	2.225580897	0.101
9	1.863361795	2.298761795	2.399761795	0.101
9	1.863361795	2.298761795	2.399761795	0.101
----------------------------
DAO Server:
0	0.186336179	0.388536179	0.600636179	0.2121
1	0.372672359	0.574872359	0.786972359	0.2121
2	0.559008538	0.761208538	0.973308538	0.2121
3	0.745344718	0.947544718	1.159644718	0.2121
4	0.931680897	1.133880897	1.345980897	0.2121
5	1.118017077	1.320217077	1.532317077	0.2121
6	1.304353256	1.568180897	1.780280897	0.2121
7	1.490689436	1.754517077	1.966617077	0.2121
8	1.677025615	1.891380897	2.103480897	0.2121
9	1.863361795	2.065561795	2.277661795	0.2121
----------------------------
SQL DataBase:
0	0.186336179	0.489636179	0.590636179	0.101
1	0.372672359	0.675972359	0.776972359	0.101
2	0.559008538	0.862308538	0.963308538	0.101
3	0.745344718	1.048644718	1.149644718	0.101
4	0.931680897	1.234980897	1.335980897	0.101
5	1.118017077	1.421317077	1.522317077	0.101
6	1.304353256	1.669280897	1.770280897	0.101
7	1.490689436	1.855617077	1.956617077	0.101
8	1.677025615	1.992480897	2.093480897	0.101
9	1.863361795	2.166661795	2.267661795	0.101
----------------------------
Printer:
----------------------------
