Controller Server:
0	0.186336179	0.186336179	0.620636179	0.4343
1	0.372672359	0.372672359	0.806972359	0.4343
2	0.559008538	0.559008538	0.993308538	0.4343
0	0.186336179	0.620636179	0.621636179	0.001
1	0.372672359	0.806972359	0.807972359	0.001
0	0.186336179	0.807972359	0.808972359	0.001
1	0.372672359	0.808972359	0.809972359	0.001
4	0.931680897	0.931680897	1.365980897	0.4343
3	0.745344718	0.993308538	1.427608538	0.4343
4	0.931680897	1.365980897	1.366980897	0.001
6	1.304353256	1.365980897	1.862908538	0.496927641
2	0.559008538	1.427608538	1.428608538	0.001
3	0.745344718	1.427608538	1.428608538	0.001
4	0.931680897	1.428608538	1.429608538	0.001
5	1.118017077	1.428608538	1.862908538	0.4343
3	0.745344718	1.429608538	1.430608538	0.001
8	1.677025615	1.677025615	2.186108538	0.509082923
2	0.559008538	1.862908538	1.863908538	0.001
7	1.490689436	1.862908538	2.297208538	0.4343
6	1.304353256	1.863908538	1.864908538	0.001
5	1.118017077	1.864908538	1.865908538	0.001
9	1.863361795	1.865908538	2.500208538	0.6343
6	1.304353256	2.186108538	2.187108538	0.001
8	1.677025615	2.187108538	2.188108538	0.001
5	1.118017077	2.297208538	2.298208538	0.001
7	1.490689436	2.297208538	2.298208538	0.001
7	1.490689436	2.298208538	2.299208538	0.001
8	1.677025615	2.500208538	2.501208538	0.001
9	1.863361795	2.500208538	2.501208538	0.001
9	1.863361795	2.501208538	2.502208538	0.001
----------------------------
Service Server:
0	0.186336179	0.287436179	0.610636179	0.3232
1	0.372672359	0.473772359	0.796972359	0.3232
0	0.186336179	0.621736179	0.722736179	0.101
2	0.559008538	0.660108538	0.983308538	0.3232
1	0.372672359	0.808072359	0.909072359	0.101
0	0.186336179	0.909072359	1.010072359	0.101
1	0.372672359	1.010072359	1.111072359	0.101
4	0.931680897	1.032780897	1.355980897	0.3232
3	0.745344718	1.094408538	1.417608538	0.3232
4	0.931680897	1.367080897	1.468080897	0.101
2	0.559008538	1.428708538	1.529708538	0.101
3	0.745344718	1.468080897	1.569080897	0.101
5	1.118017077	1.529708538	1.852908538	0.3232
6	1.304353256	1.529708538	1.852908538	0.3232
4	0.931680897	1.569080897	1.670080897	0.101
3	0.745344718	1.670080897	1.771080897	0.101
8	1.677025615	1.852908538	2.176108538	0.3232
2	0.559008538	1.864008538	1.965008538	0.101
7	1.490689436	1.964008538	2.287208538	0.3232
6	1.304353256	1.965008538	2.066008538	0.101
5	1.118017077	2.066008538	2.167008538	0.101
9	1.863361795	2.167008538	2.490208538	0.3232
6	1.304353256	2.187208538	2.288208538	0.101
8	1.677025615	2.287208538	2.388208538	0.101
5	1.118017077	2.298308538	2.399308538	0.101
7	1.490689436	2.388208538	2.489208538	0.101
7	1.490689436	2.489208538	2.590208538	0.101
8	1.677025615	2.501308538	2.602308538	0.101
9	1.863361795	2.501308538	2.602308538	0.101
9	1.863361795	2.602308538	2.703308538	0.101
----------------------------
DAO Server:
0	0.186336179	0.388536179	0.600636179	0.2121
1	0.372672359	0.574872359	0.786972359	0.2121
2	0.559008538	0.761208538	0.973308538	0.2121
4	0.931680897	1.133880897	1.345980897	0.2121
3	0.745344718	1.195508538	1.407608538	0.2121
5	1.118017077	1.630808538	1.842908538	0.2121
6	1.304353256	1.630808538	1.842908538	0.2121
8	1.677025615	1.954008538	2.166108538	0.2121
7	1.490689436	2.065108538	2.277208538	0.2121
9	1.863361795	2.268108538	2.480208538	0.2121
----------------------------
SQL DataBase:
0	0.186336179	0.489636179	0.590636179	0.101
1	0.372672359	0.675972359	0.776972359	0.101
2	0.559008538	0.862308538	0.963308538	0.101
4	0.931680897	1.234980897	1.335980897	0.101
3	0.745344718	1.296608538	1.397608538	0.101
5	1.118017077	1.731908538	1.832908538	0.101
6	1.304353256	1.731908538	1.832908538	0.101
8	1.677025615	2.055108538	2.156108538	0.101
7	1.490689436	2.166208538	2.267208538	0.101
9	1.863361795	2.369208538	2.470208538	0.101
----------------------------
Printer:
----------------------------
