Controller Server:
0	0.186336179	0.186336179	0.620636179	0.4343
1	0.372672359	0.620636179	1.054936179	0.4343
2	0.559008538	1.054936179	1.489236179	0.4343
0	0.186336179	1.489236179	1.490236179	0.001
3	0.745344718	1.490236179	2.025536179	0.5353
4	0.931680897	2.025536179	2.459836179	0.4343
1	0.372672359	2.459836179	2.460836179	0.001
5	1.118017077	2.460836179	2.996136179	0.5353
6	1.304353256	2.996136179	3.430436179	0.4343
2	0.559008538	3.430436179	3.431436179	0.001
7	1.490689436	3.431436179	3.966736179	0.5353
8	1.677025615	3.966736179	4.401036179	0.4343
9	1.863361795	4.401036179	4.835336179	0.4343
3	0.745344718	4.835336179	4.836336179	0.001
4	0.931680897	4.836336179	4.837336179	0.001
5	1.118017077	4.837336179	4.838336179	0.001
6	1.304353256	4.838336179	4.839336179	0.001
7	1.490689436	4.839336179	4.840336179	0.001
8	1.677025615	4.840336179	4.841336179	0.001
9	1.863361795	4.841336179	4.842336179	0.001
----------------------------
Service Server:
0	0.186336179	0.287436179	0.610636179	0.3232
1	0.372672359	0.721736179	1.044936179	0.3232
2	0.559008538	1.156036179	1.479236179	0.3232
0	0.186336179	1.490336179	1.591336179	0.101
0	0.186336179	1.591336179	1.692336179	0.101
3	0.745344718	1.692336179	2.015536179	0.3232
4	0.931680897	2.126636179	2.449836179	0.3232
1	0.372672359	2.460936179	2.561936179	0.101
1	0.372672359	2.561936179	2.662936179	0.101
5	1.118017077	2.662936179	2.986136179	0.3232
6	1.304353256	3.097236179	3.420436179	0.3232
2	0.559008538	3.431536179	3.532536179	0.101
2	0.559008538	3.532536179	3.633536179	0.101
7	1.490689436	3.633536179	3.956736179	0.3232
8	1.677025615	4.067836179	4.391036179	0.3232
9	1.863361795	4.502136179	4.825336179	0.3232
3	0.745344718	4.836436179	4.937436179	0.101
3	0.745344718	4.937436179	5.038436179	0.101
4	0.931680897	5.038436179	5.139436179	0.101
4	0.931680897	5.139436179	5.240436179	0.101
5	1.118017077	5.240436179	5.341436179	0.101
5	1.118017077	5.341436179	5.442436179	0.101
6	1.304353256	5.442436179	5.543436179	0.101
6	1.304353256	5.543436179	5.644436179	0.101
7	1.490689436	5.644436179	5.745436179	0.101
7	1.490689436	5.745436179	5.846436179	0.101
8	1.677025615	5.846436179	5.947436179	0.101
8	1.677025615	5.947436179	6.048436179	0.101
9	1.863361795	6.048436179	6.149436179	0.101
9	1.863361795	6.149436179	6.250436179	0.101
----------------------------
DAO Server:
0	0.186336179	0.388536179	0.600636179	0.2121
1	0.372672359	0.822836179	1.034936179	0.2121
2	0.559008538	1.257136179	1.469236179	0.2121
3	0.745344718	1.793436179	2.005536179	0.2121
4	0.931680897	2.227736179	2.439836179	0.2121
5	1.118017077	2.764036179	2.976136179	0.2121
6	1.304353256	3.198336179	3.410436179	0.2121
7	1.490689436	3.734636179	3.946736179	0.2121
8	1.677025615	4.168936179	4.381036179	0.2121
9	1.863361795	4.603236179	4.815336179	0.2121
----------------------------
SQL DataBase:
0	0.186336179	0.489636179	0.590636179	0.101
1	0.372672359	0.923936179	1.024936179	0.101
2	0.559008538	1.358236179	1.459236179	0.101
3	0.745344718	1.894536179	1.995536179	0.101
4	0.931680897	2.328836179	2.429836179	0.101
5	1.118017077	2.865136179	2.966136179	0.101
6	1.304353256	3.299436179	3.400436179	0.101
7	1.490689436	3.835736179	3.936736179	0.101
8	1.677025615	4.270036179	4.371036179	0.101
9	1.863361795	4.704336179	4.805336179	0.101
----------------------------
Printer:
----------------------------
