Controller Server:
0	0.186336179	0.186336179	0.620636179	0.4343
1	0.372672359	0.372672359	0.806972359	0.4343
2	0.559008538	0.559008538	0.993308538	0.4343
0	0.186336179	0.620636179	1.094308538	0.473672359
1	0.372672359	0.806972359	1.020072359	0.2131
3	0.745344718	0.993308538	1.427608538	0.4343
4	0.931680897	1.020072359	1.454372359	0.4343
5	1.118017077	1.118017077	1.862908538	0.744891461
2	0.559008538	1.427608538	1.539708538	0.1121
3	0.745344718	1.454372359	1.963908538	0.509536179
6	1.304353256	1.539708538	1.974008538	0.4343
4	0.931680897	1.862908538	2.064908538	0.202
7	1.490689436	1.963908538	2.398208538	0.4343
8	1.677025615	1.974008538	2.408308538	0.4343
5	1.118017077	2.064908538	2.278008538	0.2131
9	1.863361795	2.278008538	2.712308538	0.4343
7	1.490689436	2.398208538	2.621408538	0.2232
6	1.304353256	2.408308538	2.520408538	0.1121
8	1.677025615	2.520408538	2.813308538	0.2929
9	1.863361795	2.712308538	2.914308538	0.202
----------------------------
Service Server:
0	0.186336179	0.287436179	0.610636179	0.3232
1	0.372672359	0.473772359	0.796972359	0.3232
0	0.186336179	0.621736179	0.722736179	0.101
2	0.559008538	0.660108538	0.983308538	0.3232
1	0.372672359	0.808072359	0.909072359	0.101
1	0.372672359	0.909072359	1.010072359	0.101
0	0.186336179	0.983308538	1.084308538	0.101
3	0.745344718	1.094408538	1.417608538	0.3232
4	0.931680897	1.121172359	1.444372359	0.3232
2	0.559008538	1.428708538	1.529708538	0.101
2	0.559008538	1.428708538	1.529708538	0.101
3	0.745344718	1.455472359	1.556472359	0.101
5	1.118017077	1.529708538	1.852908538	0.3232
6	1.304353256	1.640808538	1.964008538	0.3232
3	0.745344718	1.852908538	1.953908538	0.101
4	0.931680897	1.864008538	1.965008538	0.101
4	0.931680897	1.953908538	2.054908538	0.101
7	1.490689436	2.065008538	2.388208538	0.3232
5	1.118017077	2.066008538	2.167008538	0.101
8	1.677025615	2.075108538	2.398308538	0.3232
5	1.118017077	2.167008538	2.268008538	0.101
9	1.863361795	2.379108538	2.702308538	0.3232
6	1.304353256	2.409408538	2.510408538	0.101
6	1.304353256	2.409408538	2.510408538	0.101
7	1.490689436	2.510408538	2.611408538	0.101
7	1.490689436	2.510408538	2.611408538	0.101
8	1.677025615	2.611408538	2.712408538	0.101
8	1.677025615	2.702308538	2.803308538	0.101
9	1.863361795	2.713408538	2.814408538	0.101
9	1.863361795	2.803308538	2.904308538	0.101
----------------------------
DAO Server:
0	0.186336179	0.388536179	0.600636179	0.2121
1	0.372672359	0.574872359	0.786972359	0.2121
2	0.559008538	0.761208538	0.973308538	0.2121
3	0.745344718	1.195508538	1.407608538	0.2121
4	0.931680897	1.222272359	1.434372359	0.2121
5	1.118017077	1.630808538	1.842908538	0.2121
6	1.304353256	1.741908538	1.954008538	0.2121
7	1.490689436	2.166108538	2.378208538	0.2121
8	1.677025615	2.176208538	2.388308538	0.2121
9	1.863361795	2.480208538	2.692308538	0.2121
----------------------------
SQL DataBase:
0	0.186336179	0.489636179	0.590636179	0.101
1	0.372672359	0.675972359	0.776972359	0.101
2	0.559008538	0.862308538	0.963308538	0.101
3	0.745344718	1.296608538	1.397608538	0.101
4	0.931680897	1.323372359	1.424372359	0.101
5	1.118017077	1.731908538	1.832908538	0.101
6	1.304353256	1.843008538	1.944008538	0.101
7	1.490689436	2.267208538	2.368208538	0.101
8	1.677025615	2.277308538	2.378308538	0.101
9	1.863361795	2.581308538	2.682308538	0.101
----------------------------
Printer:
----------------------------
