Controller Server:
0	0.186336179	0.186336179	0.620636179	0.4343
1	0.372672359	0.372672359	0.806972359	0.4343
2	0.559008538	0.559008538	0.993308538	0.4343
0	0.186336179	0.620636179	0.621636179	0.001
1	0.372672359	0.806972359	0.807972359	0.001
4	0.931680897	0.931680897	1.417508538	0.485827641
2	0.559008538	0.993308538	0.994308538	0.001
3	0.745344718	0.993308538	1.427608538	0.4343
5	1.118017077	1.118017077	1.851808538	0.733791461
4	0.931680897	1.417508538	1.418508538	0.001
6	1.304353256	1.427608538	1.861908538	0.4343
7	1.490689436	1.490689436	1.924989436	0.4343
3	0.745344718	1.851808538	1.852808538	0.001
8	1.677025615	1.852808538	2.590108538	0.7373
5	1.118017077	1.861908538	1.862908538	0.001
6	1.304353256	1.862908538	1.863908538	0.001
7	1.490689436	1.924989436	1.925989436	0.001
9	1.863361795	1.924989436	2.450189436	0.5252
8	1.677025615	2.590108538	2.591108538	0.001
9	1.863361795	2.590108538	2.591108538	0.001
----------------------------
Service Server:
0	0.186336179	0.287436179	0.610636179	0.3232
1	0.372672359	0.473772359	0.796972359	0.3232
0	0.186336179	0.621736179	0.722736179	0.101
2	0.559008538	0.660108538	0.983308538	0.3232
1	0.372672359	0.808072359	0.909072359	0.101
1	0.372672359	0.909072359	1.010072359	0.101
0	0.186336179	0.983308538	1.084308538	0.101
2	0.559008538	1.010072359	1.111072359	0.101
4	0.931680897	1.084308538	1.407508538	0.3232
3	0.745344718	1.094408538	1.417608538	0.3232
2	0.559008538	1.417608538	1.518608538	0.101
4	0.931680897	1.418608538	1.519608538	0.101
5	1.118017077	1.518608538	1.841808538	0.3232
6	1.304353256	1.528708538	1.851908538	0.3232
7	1.490689436	1.591789436	1.914989436	0.3232
4	0.931680897	1.841808538	1.942808538	0.101
3	0.745344718	1.852908538	1.953908538	0.101
5	1.118017077	1.914989436	2.015989436	0.101
3	0.745344718	1.942808538	2.043808538	0.101
5	1.118017077	1.953908538	2.054908538	0.101
6	1.304353256	2.015989436	2.116989436	0.101
7	1.490689436	2.043808538	2.144808538	0.101
6	1.304353256	2.054908538	2.155908538	0.101
9	1.863361795	2.116989436	2.440189436	0.3232
7	1.490689436	2.155908538	2.256908538	0.101
8	1.677025615	2.256908538	2.580108538	0.3232
8	1.677025615	2.591208538	2.692208538	0.101
8	1.677025615	2.591208538	2.692208538	0.101
9	1.863361795	2.591208538	2.692208538	0.101
9	1.863361795	2.692208538	2.793208538	0.101
----------------------------
DAO Server:
0	0.186336179	0.388536179	0.600636179	0.2121
1	0.372672359	0.574872359	0.786972359	0.2121
2	0.559008538	0.761208538	0.973308538	0.2121
4	0.931680897	1.185408538	1.397508538	0.2121
3	0.745344718	1.195508538	1.407608538	0.2121
5	1.118017077	1.619708538	1.831808538	0.2121
6	1.304353256	1.629808538	1.841908538	0.2121
7	1.490689436	1.692889436	1.904989436	0.2121
9	1.863361795	2.218089436	2.430189436	0.2121
8	1.677025615	2.358008538	2.570108538	0.2121
----------------------------
SQL DataBase:
0	0.186336179	0.489636179	0.590636179	0.101
1	0.372672359	0.675972359	0.776972359	0.101
2	0.559008538	0.862308538	0.963308538	0.101
4	0.931680897	1.286508538	1.387508538	0.101
3	0.745344718	1.296608538	1.397608538	0.101
5	1.118017077	1.720808538	1.821808538	0.101
6	1.304353256	1.730908538	1.831908538	0.101
7	1.490689436	1.793989436	1.894989436	0.101
9	1.863361795	2.319189436	2.420189436	0.101
8	1.677025615	2.459108538	2.560108538	0.101
----------------------------
Printer:
----------------------------
