Controller Server:
0	0.186336179	0.186336179	0.620636179	0.4343
1	0.372672359	0.372672359	0.806972359	0.4343
2	0.559008538	0.559008538	0.993308538	0.4343
0	0.186336179	0.620636179	0.732736179	0.1121
0	0.186336179	0.732736179	0.844836179	0.1121
3	0.745344718	0.745344718	1.179644718	0.4343
1	0.372672359	0.806972359	0.919072359	0.1121
1	0.372672359	0.919072359	1.031172359	0.1121
2	0.559008538	0.993308538	1.105408538	0.1121
4	0.931680897	0.993308538	1.427608538	0.4343
2	0.559008538	1.105408538	1.217508538	0.1121
3	0.745344718	1.179644718	1.291744718	0.1121
3	0.745344718	1.291744718	1.403844718	0.1121
6	1.304353256	1.304353256	1.738653256	0.4343
4	0.931680897	1.427608538	1.539708538	0.1121
5	1.118017077	1.427608538	1.861908538	0.4343
4	0.931680897	1.539708538	1.651808538	0.1121
8	1.677025615	1.677025615	2.111325615	0.4343
6	1.304353256	1.738653256	1.850753256	0.1121
6	1.304353256	1.850753256	1.962853256	0.1121
5	1.118017077	1.861908538	1.974008538	0.1121
7	1.490689436	1.861908538	2.296208538	0.4343
5	1.118017077	1.974008538	2.086108538	0.1121
8	1.677025615	2.111325615	2.223425615	0.1121
7	1.490689436	2.296208538	2.408308538	0.1121
9	1.863361795	2.296208538	2.730508538	0.4343
7	1.490689436	2.408308538	2.520408538	0.1121
8	1.677025615	2.408308538	2.943608538	0.5353
9	1.863361795	2.730508538	2.842608538	0.1121
9	1.863361795	2.842608538	2.954708538	0.1121
----------------------------
Service Server:
0	0.186336179	0.287436179	0.610636179	0.3232
1	0.372672359	0.473772359	0.796972359	0.3232
0	0.186336179	0.621736179	0.722736179	0.101
2	0.559008538	0.660108538	0.983308538	0.3232
0	0.186336179	0.733836179	0.834836179	0.101
1	0.372672359	0.808072359	0.909072359	0.101
3	0.745344718	0.846444718	1.169644718	0.3232
1	0.372672359	0.920172359	1.021172359	0.101
2	0.559008538	0.994408538	1.095408538	0.101
4	0.931680897	1.094408538	1.417608538	0.3232
2	0.559008538	1.106508538	1.207508538	0.101
3	0.745344718	1.180744718	1.281744718	0.101
3	0.745344718	1.292844718	1.393844718	0.101
6	1.304353256	1.405453256	1.728653256	0.3232
4	0.931680897	1.428708538	1.529708538	0.101
5	1.118017077	1.528708538	1.851908538	0.3232
4	0.931680897	1.540808538	1.641808538	0.101
6	1.304353256	1.739753256	1.840753256	0.101
8	1.677025615	1.778125615	2.101325615	0.3232
6	1.304353256	1.851853256	1.952853256	0.101
5	1.118017077	1.863008538	1.964008538	0.101
7	1.490689436	1.963008538	2.286208538	0.3232
5	1.118017077	1.975108538	2.076108538	0.101
8	1.677025615	2.112425615	2.213425615	0.101
7	1.490689436	2.297308538	2.398308538	0.101
9	1.863361795	2.397308538	2.720508538	0.3232
7	1.490689436	2.409408538	2.510408538	0.101
9	1.863361795	2.731608538	2.832608538	0.101
8	1.677025615	2.832608538	2.933608538	0.101
9	1.863361795	2.843708538	2.944708538	0.101
----------------------------
DAO Server:
0	0.186336179	0.388536179	0.600636179	0.2121
1	0.372672359	0.574872359	0.786972359	0.2121
2	0.559008538	0.761208538	0.973308538	0.2121
3	0.745344718	0.947544718	1.159644718	0.2121
4	0.931680897	1.195508538	1.407608538	0.2121
6	1.304353256	1.506553256	1.718653256	0.2121
5	1.118017077	1.629808538	1.841908538	0.2121
8	1.677025615	1.879225615	2.091325615	0.2121
7	1.490689436	2.064108538	2.276208538	0.2121
9	1.863361795	2.498408538	2.710508538	0.2121
----------------------------
SQL DataBase:
0	0.186336179	0.489636179	0.590636179	0.101
1	0.372672359	0.675972359	0.776972359	0.101
2	0.559008538	0.862308538	0.963308538	0.101
3	0.745344718	1.048644718	1.149644718	0.101
4	0.931680897	1.296608538	1.397608538	0.101
6	1.304353256	1.607653256	1.708653256	0.101
5	1.118017077	1.730908538	1.831908538	0.101
8	1.677025615	1.980325615	2.081325615	0.101
7	1.490689436	2.165208538	2.266208538	0.101
9	1.863361795	2.599508538	2.700508538	0.101
----------------------------
Printer:
----------------------------
