Controller Server:
0	0.186336179	0.186336179	0.620636179	0.4343
1	0.372672359	0.620636179	1.054936179	0.4343
2	0.559008538	1.054936179	1.489236179	0.4343
0	0.186336179	1.489236179	1.601336179	0.1121
3	0.745344718	1.601336179	2.035636179	0.4343
4	0.931680897	2.035636179	2.469936179	0.4343
1	0.372672359	2.469936179	2.582036179	0.1121
5	1.118017077	2.582036179	3.016336179	0.4343
6	1.304353256	3.016336179	3.450636179	0.4343
2	0.559008538	3.450636179	3.562736179	0.1121
7	1.490689436	3.562736179	3.997036179	0.4343
0	0.186336179	3.997036179	4.109136179	0.1121
8	1.677025615	4.109136179	4.543436179	0.4343
9	1.863361795	4.543436179	4.977736179	0.4343
3	0.745344718	4.977736179	5.089836179	0.1121
4	0.931680897	5.089836179	5.201936179	0.1121
1	0.372672359	5.201936179	5.314036179	0.1121
5	1.118017077	5.314036179	5.426136179	0.1121
6	1.304353256	5.426136179	5.538236179	0.1121
2	0.559008538	5.538236179	5.650336179	0.1121
7	1.490689436	5.650336179	5.762436179	0.1121
8	1.677025615	5.762436179	5.874536179	0.1121
9	1.863361795	5.874536179	5.986636179	0.1121
3	0.745344718	5.986636179	6.098736179	0.1121
4	0.931680897	6.098736179	6.210836179	0.1121
5	1.118017077	6.210836179	6.322936179	0.1121
6	1.304353256	6.322936179	6.435036179	0.1121
7	1.490689436	6.435036179	6.547136179	0.1121
8	1.677025615	6.547136179	6.659236179	0.1121
9	1.863361795	6.659236179	6.771336179	0.1121
----------------------------
Service Server:
0	0.186336179	0.287436179	0.610636179	0.3232
1	0.372672359	0.721736179	1.044936179	0.3232
2	0.559008538	1.156036179	1.479236179	0.3232
0	0.186336179	1.490336179	1.591336179	0.101
3	0.745344718	1.702436179	2.025636179	0.3232
4	0.931680897	2.136736179	2.459936179	0.3232
1	0.372672359	2.471036179	2.572036179	0.101
5	1.118017077	2.683136179	3.006336179	0.3232
6	1.304353256	3.117436179	3.440636179	0.3232
2	0.559008538	3.451736179	3.552736179	0.101
7	1.490689436	3.663836179	3.987036179	0.3232
0	0.186336179	3.998136179	4.099136179	0.101
8	1.677025615	4.210236179	4.533436179	0.3232
9	1.863361795	4.644536179	4.967736179	0.3232
3	0.745344718	4.978836179	5.079836179	0.101
4	0.931680897	5.090936179	5.191936179	0.101
1	0.372672359	5.203036179	5.304036179	0.101
5	1.118017077	5.315136179	5.416136179	0.101
6	1.304353256	5.427236179	5.528236179	0.101
2	0.559008538	5.539336179	5.640336179	0.101
7	1.490689436	5.651436179	5.752436179	0.101
8	1.677025615	5.763536179	5.864536179	0.101
9	1.863361795	5.875636179	5.976636179	0.101
3	0.745344718	5.987736179	6.088736179	0.101
4	0.931680897	6.099836179	6.200836179	0.101
5	1.118017077	6.211936179	6.312936179	0.101
6	1.304353256	6.324036179	6.425036179	0.101
7	1.490689436	6.436136179	6.537136179	0.101
8	1.677025615	6.548236179	6.649236179	0.101
9	1.863361795	6.660336179	6.761336179	0.101
----------------------------
DAO Server:
0	0.186336179	0.388536179	0.600636179	0.2121
1	0.372672359	0.822836179	1.034936179	0.2121
2	0.559008538	1.257136179	1.469236179	0.2121
3	0.745344718	1.803536179	2.015636179	0.2121
4	0.931680897	2.237836179	2.449936179	0.2121
5	1.118017077	2.784236179	2.996336179	0.2121
6	1.304353256	3.218536179	3.430636179	0.2121
7	1.490689436	3.764936179	3.977036179	0.2121
8	1.677025615	4.311336179	4.523436179	0.2121
9	1.863361795	4.745636179	4.957736179	0.2121
----------------------------
SQL DataBase:
0	0.186336179	0.489636179	0.590636179	0.101
1	0.372672359	0.923936179	1.024936179	0.101
2	0.559008538	1.358236179	1.459236179	0.101
3	0.745344718	1.904636179	2.005636179	0.101
4	0.931680897	2.338936179	2.439936179	0.101
5	1.118017077	2.885336179	2.986336179	0.101
6	1.304353256	3.319636179	3.420636179	0.101
7	1.490689436	3.866036179	3.967036179	0.101
8	1.677025615	4.412436179	4.513436179	0.101
9	1.863361795	4.846736179	4.947736179	0.101
----------------------------
Printer:
----------------------------
