Controller Server:
0	0.186336179	0.186336179	0.620636179	0.4343
1	0.372672359	0.372672359	0.806972359	0.4343
2	0.559008538	0.620636179	1.054936179	0.4343
0	0.186336179	0.806972359	1.020072359	0.2131
3	0.745344718	1.020072359	1.454372359	0.4343
1	0.372672359	1.054936179	1.268036179	0.2131
4	0.931680897	1.268036179	1.702336179	0.4343
2	0.559008538	1.454372359	1.667472359	0.2131
5	1.118017077	1.667472359	2.101772359	0.4343
6	1.304353256	1.702336179	2.136636179	0.4343
3	0.745344718	2.101772359	2.237636179	0.13586382
7	1.490689436	2.136636179	2.570936179	0.4343
8	1.677025615	2.237636179	2.671936179	0.4343
4	0.931680897	2.570936179	2.772936179	0.202
9	1.863361795	2.671936179	3.106236179	0.4343
5	1.118017077	2.772936179	2.986036179	0.2131
6	1.304353256	2.986036179	3.207236179	0.2212
7	1.490689436	3.106236179	3.308236179	0.202
8	1.677025615	3.207236179	3.409236179	0.202
9	1.863361795	3.308236179	3.510236179	0.202
----------------------------
Service Server:
0	0.186336179	0.287436179	0.610636179	0.3232
1	0.372672359	0.473772359	0.796972359	0.3232
2	0.559008538	0.721736179	1.044936179	0.3232
0	0.186336179	0.808072359	0.909072359	0.101
0	0.186336179	0.909072359	1.010072359	0.101
1	0.372672359	1.056036179	1.157036179	0.101
3	0.745344718	1.121172359	1.444372359	0.3232
1	0.372672359	1.157036179	1.258036179	0.101
4	0.931680897	1.369136179	1.692336179	0.3232
2	0.559008538	1.455472359	1.556472359	0.101
2	0.559008538	1.556472359	1.657472359	0.101
5	1.118017077	1.768572359	2.091772359	0.3232
6	1.304353256	1.803436179	2.126636179	0.3232
3	0.745344718	2.102872359	2.203872359	0.101
3	0.745344718	2.126636179	2.227636179	0.101
7	1.490689436	2.237736179	2.560936179	0.3232
8	1.677025615	2.338736179	2.661936179	0.3232
4	0.931680897	2.572036179	2.673036179	0.101
4	0.931680897	2.661936179	2.762936179	0.101
9	1.863361795	2.773036179	3.096236179	0.3232
5	1.118017077	2.774036179	2.875036179	0.101
5	1.118017077	2.875036179	2.976036179	0.101
6	1.304353256	2.987136179	3.088136179	0.101
6	1.304353256	3.096236179	3.197236179	0.101
7	1.490689436	3.107336179	3.208336179	0.101
7	1.490689436	3.197236179	3.298236179	0.101
8	1.677025615	3.208336179	3.309336179	0.101
8	1.677025615	3.298236179	3.399236179	0.101
9	1.863361795	3.309336179	3.410336179	0.101
9	1.863361795	3.399236179	3.500236179	0.101
----------------------------
DAO Server:
0	0.186336179	0.388536179	0.600636179	0.2121
1	0.372672359	0.574872359	0.786972359	0.2121
2	0.559008538	0.822836179	1.034936179	0.2121
3	0.745344718	1.222272359	1.434372359	0.2121
4	0.931680897	1.470236179	1.682336179	0.2121
5	1.118017077	1.869672359	2.081772359	0.2121
6	1.304353256	1.904536179	2.116636179	0.2121
7	1.490689436	2.338836179	2.550936179	0.2121
8	1.677025615	2.439836179	2.651936179	0.2121
9	1.863361795	2.874136179	3.086236179	0.2121
----------------------------
SQL DataBase:
0	0.186336179	0.489636179	0.590636179	0.101
1	0.372672359	0.675972359	0.776972359	0.101
2	0.559008538	0.923936179	1.024936179	0.101
3	0.745344718	1.323372359	1.424372359	0.101
4	0.931680897	1.571336179	1.672336179	0.101
5	1.118017077	1.970772359	2.071772359	0.101
6	1.304353256	2.005636179	2.106636179	0.101
7	1.490689436	2.439936179	2.540936179	0.101
8	1.677025615	2.540936179	2.641936179	0.101
9	1.863361795	2.975236179	3.076236179	0.101
----------------------------
Printer:
----------------------------
