Controller Server:
0	0.186336179	0.186336179	0.620636179	0.4343
1	0.372672359	0.372672359	0.806972359	0.4343
2	0.559008538	0.559008538	0.993308538	0.4343
0	0.186336179	0.620636179	1.094308538	0.473672359
3	0.745344718	0.745344718	1.179644718	0.4343
1	0.372672359	0.806972359	1.280644718	0.473672359
4	0.931680897	0.993308538	1.427608538	0.4343
2	0.559008538	1.179644718	1.381644718	0.202
3	0.745344718	1.179644718	1.482644718	0.303
5	1.118017077	1.280644718	1.714944718	0.4343
6	1.304353256	1.381644718	1.815944718	0.4343
4	0.931680897	1.427608538	1.815944718	0.38833618
7	1.490689436	1.490689436	1.924989436	0.4343
8	1.677025615	1.714944718	2.149244718	0.4343
5	1.118017077	1.815944718	1.928044718	0.1121
6	1.304353256	1.815944718	2.029044718	0.2131
9	1.863361795	1.924989436	2.359289436	0.4343
7	1.490689436	1.928044718	2.130044718	0.202
8	1.677025615	2.149244718	2.261344718	0.1121
9	1.863361795	2.359289436	2.471389436	0.1121
----------------------------
Service Server:
0	0.186336179	0.287436179	0.610636179	0.3232
1	0.372672359	0.473772359	0.796972359	0.3232
0	0.186336179	0.621736179	0.722736179	0.101
2	0.559008538	0.660108538	0.983308538	0.3232
1	0.372672359	0.808072359	0.909072359	0.101
3	0.745344718	0.846444718	1.169644718	0.3232
0	0.186336179	0.983308538	1.084308538	0.101
4	0.931680897	1.094408538	1.417608538	0.3232
1	0.372672359	1.169644718	1.270644718	0.101
2	0.559008538	1.180744718	1.281744718	0.101
2	0.559008538	1.270644718	1.371644718	0.101
3	0.745344718	1.281744718	1.382744718	0.101
3	0.745344718	1.371644718	1.472644718	0.101
5	1.118017077	1.381744718	1.704944718	0.3232
4	0.931680897	1.428708538	1.529708538	0.101
6	1.304353256	1.482744718	1.805944718	0.3232
7	1.490689436	1.591789436	1.914989436	0.3232
4	0.931680897	1.704944718	1.805944718	0.101
8	1.677025615	1.816044718	2.139244718	0.3232
5	1.118017077	1.817044718	1.918044718	0.101
5	1.118017077	1.817044718	1.918044718	0.101
6	1.304353256	1.914989436	2.015989436	0.101
6	1.304353256	1.918044718	2.019044718	0.101
7	1.490689436	2.015989436	2.116989436	0.101
7	1.490689436	2.019044718	2.120044718	0.101
9	1.863361795	2.026089436	2.349289436	0.3232
8	1.677025615	2.150344718	2.251344718	0.101
8	1.677025615	2.150344718	2.251344718	0.101
9	1.863361795	2.360389436	2.461389436	0.101
9	1.863361795	2.360389436	2.461389436	0.101
----------------------------
DAO Server:
0	0.186336179	0.388536179	0.600636179	0.2121
1	0.372672359	0.574872359	0.786972359	0.2121
2	0.559008538	0.761208538	0.973308538	0.2121
3	0.745344718	0.947544718	1.159644718	0.2121
4	0.931680897	1.195508538	1.407608538	0.2121
5	1.118017077	1.482844718	1.694944718	0.2121
6	1.304353256	1.583844718	1.795944718	0.2121
7	1.490689436	1.692889436	1.904989436	0.2121
8	1.677025615	1.917144718	2.129244718	0.2121
9	1.863361795	2.127189436	2.339289436	0.2121
----------------------------
SQL DataBase:
0	0.186336179	0.489636179	0.590636179	0.101
1	0.372672359	0.675972359	0.776972359	0.101
2	0.559008538	0.862308538	0.963308538	0.101
3	0.745344718	1.048644718	1.149644718	0.101
4	0.931680897	1.296608538	1.397608538	0.101
5	1.118017077	1.583944718	1.684944718	0.101
6	1.304353256	1.684944718	1.785944718	0.101
7	1.490689436	1.793989436	1.894989436	0.101
8	1.677025615	2.018244718	2.119244718	0.101
9	1.863361795	2.228289436	2.329289436	0.101
----------------------------
Printer:
----------------------------
