Controller Server:
0	0.186336179	0.186336179	0.620636179	0.4343
1	0.372672359	0.372672359	0.806972359	0.4343
2	0.559008538	0.559008538	0.993308538	0.4343
0	0.186336179	0.620636179	1.094308538	0.473672359
3	0.745344718	0.745344718	1.179644718	0.4343
1	0.372672359	0.806972359	1.206408538	0.399436179
4	0.931680897	0.931680897	1.365980897	0.4343
2	0.559008538	0.993308538	1.839653256	0.846344718
5	1.118017077	1.118017077	1.552317077	0.4343
3	0.745344718	1.179644718	2.025989436	0.846344718
6	1.304353256	1.304353256	1.738653256	0.4343
4	0.931680897	1.365980897	1.653317077	0.28733618
7	1.490689436	1.490689436	1.924989436	0.4343
5	1.118017077	1.552317077	1.754317077	0.202
8	1.677025615	1.738653256	2.172953256	0.4343
9	1.863361795	1.863361795	2.297661795	0.4343
6	1.304353256	1.924989436	2.037089436	0.1121
7	1.490689436	1.924989436	2.273953256	0.34896382
8	1.677025615	2.172953256	2.285053256	0.1121
9	1.863361795	2.297661795	2.409761795	0.1121
----------------------------
Service Server:
0	0.186336179	0.287436179	0.610636179	0.3232
1	0.372672359	0.473772359	0.796972359	0.3232
0	0.186336179	0.621736179	0.722736179	0.101
2	0.559008538	0.660108538	0.983308538	0.3232
1	0.372672359	0.808072359	0.909072359	0.101
3	0.745344718	0.846444718	1.169644718	0.3232
0	0.186336179	0.983308538	1.084308538	0.101
2	0.559008538	0.994408538	1.095408538	0.101
4	0.931680897	1.032780897	1.355980897	0.3232
1	0.372672359	1.095408538	1.196408538	0.101
3	0.745344718	1.180744718	1.281744718	0.101
5	1.118017077	1.219117077	1.542317077	0.3232
4	0.931680897	1.367080897	1.468080897	0.101
6	1.304353256	1.405453256	1.728653256	0.3232
4	0.931680897	1.542317077	1.643317077	0.101
5	1.118017077	1.553417077	1.654417077	0.101
7	1.490689436	1.591789436	1.914989436	0.3232
5	1.118017077	1.643317077	1.744317077	0.101
2	0.559008538	1.728653256	1.829653256	0.101
8	1.677025615	1.839753256	2.162953256	0.3232
3	0.745344718	1.914989436	2.015989436	0.101
6	1.304353256	1.926089436	2.027089436	0.101
6	1.304353256	1.926089436	2.027089436	0.101
7	1.490689436	1.926089436	2.027089436	0.101
9	1.863361795	1.964461795	2.287661795	0.3232
7	1.490689436	2.162953256	2.263953256	0.101
8	1.677025615	2.174053256	2.275053256	0.101
8	1.677025615	2.174053256	2.275053256	0.101
9	1.863361795	2.298761795	2.399761795	0.101
9	1.863361795	2.298761795	2.399761795	0.101
----------------------------
DAO Server:
0	0.186336179	0.388536179	0.600636179	0.2121
1	0.372672359	0.574872359	0.786972359	0.2121
2	0.559008538	0.761208538	0.973308538	0.2121
3	0.745344718	0.947544718	1.159644718	0.2121
4	0.931680897	1.133880897	1.345980897	0.2121
5	1.118017077	1.320217077	1.532317077	0.2121
6	1.304353256	1.506553256	1.718653256	0.2121
7	1.490689436	1.692889436	1.904989436	0.2121
8	1.677025615	1.940853256	2.152953256	0.2121
9	1.863361795	2.065561795	2.277661795	0.2121
----------------------------
SQL DataBase:
0	0.186336179	0.489636179	0.590636179	0.101
1	0.372672359	0.675972359	0.776972359	0.101
2	0.559008538	0.862308538	0.963308538	0.101
3	0.745344718	1.048644718	1.149644718	0.101
4	0.931680897	1.234980897	1.335980897	0.101
5	1.118017077	1.421317077	1.522317077	0.101
6	1.304353256	1.607653256	1.708653256	0.101
7	1.490689436	1.793989436	1.894989436	0.101
8	1.677025615	2.041953256	2.142953256	0.101
9	1.863361795	2.166661795	2.267661795	0.101
----------------------------
Printer:
----------------------------
