Controller Server:
0	0.186336179	0.186336179	0.620636179	0.4343
1	0.372672359	0.620636179	1.054936179	0.4343
2	0.559008538	1.054936179	1.489236179	0.4343
0	0.186336179	1.489236179	1.702336179	0.2131
3	0.745344718	1.702336179	2.136636179	0.4343
4	0.931680897	2.136636179	2.570936179	0.4343
1	0.372672359	2.570936179	2.784036179	0.2131
5	1.118017077	2.784036179	3.218336179	0.4343
6	1.304353256	3.218336179	3.652636179	0.4343
2	0.559008538	3.652636179	3.865736179	0.2131
7	1.490689436	3.865736179	4.300036179	0.4343
8	1.677025615	4.300036179	4.734336179	0.4343
9	1.863361795	4.734336179	5.168636179	0.4343
3	0.745344718	5.168636179	5.381736179	0.2131
4	0.931680897	5.381736179	5.594836179	0.2131
5	1.118017077	5.594836179	5.807936179	0.2131
6	1.304353256	5.807936179	6.021036179	0.2131
7	1.490689436	6.021036179	6.234136179	0.2131
8	1.677025615	6.234136179	6.447236179	0.2131
9	1.863361795	6.447236179	6.660336179	0.2131
----------------------------
Service Server:
0	0.186336179	0.287436179	0.610636179	0.3232
1	0.372672359	0.721736179	1.044936179	0.3232
2	0.559008538	1.156036179	1.479236179	0.3232
0	0.186336179	1.490336179	1.591336179	0.101
0	0.186336179	1.591336179	1.692336179	0.101
3	0.745344718	1.803436179	2.126636179	0.3232
4	0.931680897	2.237736179	2.560936179	0.3232
1	0.372672359	2.572036179	2.673036179	0.101
1	0.372672359	2.673036179	2.774036179	0.101
5	1.118017077	2.885136179	3.208336179	0.3232
6	1.304353256	3.319436179	3.642636179	0.3232
2	0.559008538	3.653736179	3.754736179	0.101
2	0.559008538	3.754736179	3.855736179	0.101
7	1.490689436	3.966836179	4.290036179	0.3232
8	1.677025615	4.401136179	4.724336179	0.3232
9	1.863361795	4.835436179	5.158636179	0.3232
3	0.745344718	5.169736179	5.270736179	0.101
3	0.745344718	5.270736179	5.371736179	0.101
4	0.931680897	5.382836179	5.483836179	0.101
4	0.931680897	5.483836179	5.584836179	0.101
5	1.118017077	5.595936179	5.696936179	0.101
5	1.118017077	5.696936179	5.797936179	0.101
6	1.304353256	5.809036179	5.910036179	0.101
6	1.304353256	5.910036179	6.011036179	0.101
7	1.490689436	6.022136179	6.123136179	0.101
7	1.490689436	6.123136179	6.224136179	0.101
8	1.677025615	6.235236179	6.336236179	0.101
8	1.677025615	6.336236179	6.437236179	0.101
9	1.863361795	6.448336179	6.549336179	0.101
9	1.863361795	6.549336179	6.650336179	0.101
----------------------------
DAO Server:
0	0.186336179	0.388536179	0.600636179	0.2121
1	0.372672359	0.822836179	1.034936179	0.2121
2	0.559008538	1.257136179	1.469236179	0.2121
3	0.745344718	1.904536179	2.116636179	0.2121
4	0.931680897	2.338836179	2.550936179	0.2121
5	1.118017077	2.986236179	3.198336179	0.2121
6	1.304353256	3.420536179	3.632636179	0.2121
7	1.490689436	4.067936179	4.280036179	0.2121
8	1.677025615	4.502236179	4.714336179	0.2121
9	1.863361795	4.936536179	5.148636179	0.2121
----------------------------
SQL DataBase:
0	0.186336179	0.489636179	0.590636179	0.101
1	0.372672359	0.923936179	1.024936179	0.101
2	0.559008538	1.358236179	1.459236179	0.101
3	0.745344718	2.005636179	2.106636179	0.101
4	0.931680897	2.439936179	2.540936179	0.101
5	1.118017077	3.087336179	3.188336179	0.101
6	1.304353256	3.521636179	3.622636179	0.101
7	1.490689436	4.169036179	4.270036179	0.101
8	1.677025615	4.603336179	4.704336179	0.101
9	1.863361795	5.037636179	5.138636179	0.101
----------------------------
Printer:
----------------------------
