Controller Server:
0	0.186336179	0.186336179	0.620636179	0.4343
1	0.372672359	0.372672359	0.806972359	0.4343
2	0.559008538	0.559008538	0.993308538	0.4343
0	0.186336179	0.620636179	0.621636179	0.001
3	0.745344718	0.745344718	1.179644718	0.4343
1	0.372672359	0.806972359	0.807972359	0.001
4	0.931680897	0.931680897	1.365980897	0.4343
2	0.559008538	0.993308538	0.994308538	0.001
2	0.559008538	0.994308538	0.995308538	0.001
5	1.118017077	1.118017077	1.552317077	0.4343
0	0.186336179	1.179644718	1.180644718	0.001
3	0.745344718	1.179644718	1.180644718	0.001
6	1.304353256	1.304353256	1.738653256	0.4343
4	0.931680897	1.365980897	1.366980897	0.001
5	1.118017077	1.552317077	1.553317077	0.001
5	1.118017077	1.553317077	1.554317077	0.001
8	1.677025615	1.677025615	2.111325615	0.4343
6	1.304353256	1.738653256	1.739653256	0.001
7	1.490689436	1.738653256	2.172953256	0.4343
4	0.931680897	1.739653256	1.740653256	0.001
6	1.304353256	1.739653256	1.740653256	0.001
9	1.863361795	1.863361795	2.496153256	0.632791461
8	1.677025615	2.111325615	2.112325615	0.001
8	1.677025615	2.112325615	2.113325615	0.001
1	0.372672359	2.172953256	2.173953256	0.001
7	1.490689436	2.172953256	2.173953256	0.001
3	0.745344718	2.173953256	2.174953256	0.001
7	1.490689436	2.173953256	2.174953256	0.001
9	1.863361795	2.496153256	2.497153256	0.001
9	1.863361795	2.497153256	2.498153256	0.001
----------------------------
Service Server:
0	0.186336179	0.287436179	0.610636179	0.3232
1	0.372672359	0.473772359	0.796972359	0.3232
0	0.186336179	0.621736179	0.722736179	0.101
2	0.559008538	0.660108538	0.983308538	0.3232
1	0.372672359	0.808072359	0.909072359	0.101
3	0.745344718	0.846444718	1.169644718	0.3232
2	0.559008538	0.994408538	1.095408538	0.101
4	0.931680897	1.032780897	1.355980897	0.3232
2	0.559008538	1.095408538	1.196408538	0.101
0	0.186336179	1.180744718	1.281744718	0.101
3	0.745344718	1.180744718	1.281744718	0.101
5	1.118017077	1.219117077	1.542317077	0.3232
4	0.931680897	1.367080897	1.468080897	0.101
6	1.304353256	1.405453256	1.728653256	0.3232
5	1.118017077	1.553417077	1.654417077	0.101
5	1.118017077	1.654417077	1.755417077	0.101
6	1.304353256	1.739753256	1.840753256	0.101
4	0.931680897	1.740753256	1.841753256	0.101
8	1.677025615	1.778125615	2.101325615	0.3232
7	1.490689436	1.839753256	2.162953256	0.3232
6	1.304353256	1.840753256	1.941753256	0.101
8	1.677025615	2.112425615	2.213425615	0.101
9	1.863361795	2.162953256	2.486153256	0.3232
1	0.372672359	2.174053256	2.275053256	0.101
7	1.490689436	2.174053256	2.275053256	0.101
3	0.745344718	2.175053256	2.276053256	0.101
7	1.490689436	2.275053256	2.376053256	0.101
8	1.677025615	2.275053256	2.376053256	0.101
9	1.863361795	2.497253256	2.598253256	0.101
9	1.863361795	2.498253256	2.599253256	0.101
----------------------------
DAO Server:
0	0.186336179	0.388536179	0.600636179	0.2121
1	0.372672359	0.574872359	0.786972359	0.2121
2	0.559008538	0.761208538	0.973308538	0.2121
3	0.745344718	0.947544718	1.159644718	0.2121
4	0.931680897	1.133880897	1.345980897	0.2121
5	1.118017077	1.320217077	1.532317077	0.2121
6	1.304353256	1.506553256	1.718653256	0.2121
8	1.677025615	1.879225615	2.091325615	0.2121
7	1.490689436	1.940853256	2.152953256	0.2121
9	1.863361795	2.264053256	2.476153256	0.2121
----------------------------
SQL DataBase:
0	0.186336179	0.489636179	0.590636179	0.101
1	0.372672359	0.675972359	0.776972359	0.101
2	0.559008538	0.862308538	0.963308538	0.101
3	0.745344718	1.048644718	1.149644718	0.101
4	0.931680897	1.234980897	1.335980897	0.101
5	1.118017077	1.421317077	1.522317077	0.101
6	1.304353256	1.607653256	1.708653256	0.101
8	1.677025615	1.980325615	2.081325615	0.101
7	1.490689436	2.041953256	2.142953256	0.101
9	1.863361795	2.365153256	2.466153256	0.101
----------------------------
Printer:
----------------------------
