Controller Server:
0	0.186336179	0.186336179	0.620636179	0.4343
1	0.372672359	0.372672359	0.806972359	0.4343
2	0.559008538	0.620636179	1.054936179	0.4343
0	0.186336179	0.806972359	0.807972359	0.001
3	0.745344718	0.807972359	1.343272359	0.5353
1	0.372672359	1.054936179	1.055936179	0.001
4	0.931680897	1.055936179	1.591236179	0.5353
2	0.559008538	1.343272359	1.344272359	0.001
5	1.118017077	1.344272359	1.879572359	0.5353
6	1.304353256	1.591236179	2.025536179	0.4343
3	0.745344718	1.879572359	1.880572359	0.001
7	1.490689436	1.880572359	2.348736179	0.46816382
4	0.931680897	2.025536179	2.026536179	0.001
8	1.677025615	2.026536179	2.617872359	0.59133618
9	1.863361795	2.348736179	2.783036179	0.4343
5	1.118017077	2.617872359	2.618872359	0.001
6	1.304353256	2.618872359	2.619872359	0.001
7	1.490689436	2.619872359	2.620872359	0.001
8	1.677025615	2.783036179	2.784036179	0.001
9	1.863361795	2.783036179	2.784036179	0.001
----------------------------
Service Server:
0	0.186336179	0.287436179	0.610636179	0.3232
1	0.372672359	0.473772359	0.796972359	0.3232
2	0.559008538	0.721736179	1.044936179	0.3232
0	0.186336179	0.808072359	0.909072359	0.101
0	0.186336179	0.909072359	1.010072359	0.101
3	0.745344718	1.010072359	1.333272359	0.3232
1	0.372672359	1.056036179	1.157036179	0.101
1	0.372672359	1.157036179	1.258036179	0.101
4	0.931680897	1.258036179	1.581236179	0.3232
2	0.559008538	1.344372359	1.445372359	0.101
2	0.559008538	1.445372359	1.546372359	0.101
5	1.118017077	1.546372359	1.869572359	0.3232
6	1.304353256	1.692336179	2.015536179	0.3232
3	0.745344718	1.880672359	1.981672359	0.101
3	0.745344718	1.981672359	2.082672359	0.101
7	1.490689436	2.015536179	2.338736179	0.3232
4	0.931680897	2.082672359	2.183672359	0.101
4	0.931680897	2.183672359	2.284672359	0.101
8	1.677025615	2.284672359	2.607872359	0.3232
9	1.863361795	2.449836179	2.773036179	0.3232
5	1.118017077	2.618972359	2.719972359	0.101
5	1.118017077	2.719972359	2.820972359	0.101
6	1.304353256	2.773036179	2.874036179	0.101
6	1.304353256	2.820972359	2.921972359	0.101
7	1.490689436	2.874036179	2.975036179	0.101
7	1.490689436	2.921972359	3.022972359	0.101
8	1.677025615	2.975036179	3.076036179	0.101
8	1.677025615	3.022972359	3.123972359	0.101
9	1.863361795	3.076036179	3.177036179	0.101
9	1.863361795	3.123972359	3.224972359	0.101
----------------------------
DAO Server:
0	0.186336179	0.388536179	0.600636179	0.2121
1	0.372672359	0.574872359	0.786972359	0.2121
2	0.559008538	0.822836179	1.034936179	0.2121
3	0.745344718	1.111172359	1.323272359	0.2121
4	0.931680897	1.359136179	1.571236179	0.2121
5	1.118017077	1.647472359	1.859572359	0.2121
6	1.304353256	1.793436179	2.005536179	0.2121
7	1.490689436	2.116636179	2.328736179	0.2121
8	1.677025615	2.385772359	2.597872359	0.2121
9	1.863361795	2.550936179	2.763036179	0.2121
----------------------------
SQL DataBase:
0	0.186336179	0.489636179	0.590636179	0.101
1	0.372672359	0.675972359	0.776972359	0.101
2	0.559008538	0.923936179	1.024936179	0.101
3	0.745344718	1.212272359	1.313272359	0.101
4	0.931680897	1.460236179	1.561236179	0.101
5	1.118017077	1.748572359	1.849572359	0.101
6	1.304353256	1.894536179	1.995536179	0.101
7	1.490689436	2.217736179	2.318736179	0.101
8	1.677025615	2.486872359	2.587872359	0.101
9	1.863361795	2.652036179	2.753036179	0.101
----------------------------
Printer:
----------------------------
