Controller Server:
0	0.186336179	0.186336179	0.620636179	0.4343
1	0.372672359	0.372672359	0.806972359	0.4343
2	0.559008538	0.559008538	0.993308538	0.4343
0	0.186336179	0.620636179	0.621636179	0.001
3	0.745344718	0.745344718	1.179644718	0.4343
1	0.372672359	0.806972359	0.807972359	0.001
2	0.559008538	0.993308538	0.994308538	0.001
4	0.931680897	0.993308538	1.427608538	0.4343
3	0.745344718	1.179644718	1.180644718	0.001
5	1.118017077	1.179644718	1.613944718	0.4343
6	1.304353256	1.304353256	1.750808538	0.446455282
4	0.931680897	1.427608538	1.428608538	0.001
7	1.490689436	1.490689436	1.924989436	0.4343
5	1.118017077	1.613944718	1.614944718	0.001
8	1.677025615	1.677025615	2.111325615	0.4343
6	1.304353256	1.750808538	1.751808538	0.001
9	1.863361795	1.863361795	2.297661795	0.4343
7	1.490689436	1.924989436	1.925989436	0.001
8	1.677025615	2.111325615	2.112325615	0.001
9	1.863361795	2.297661795	2.298661795	0.001
----------------------------
Service Server:
0	0.186336179	0.287436179	0.610636179	0.3232
1	0.372672359	0.473772359	0.796972359	0.3232
0	0.186336179	0.621736179	0.722736179	0.101
2	0.559008538	0.660108538	0.983308538	0.3232
1	0.372672359	0.808072359	0.909072359	0.101
3	0.745344718	0.846444718	1.169644718	0.3232
0	0.186336179	0.983308538	1.084308538	0.101
2	0.559008538	0.994408538	1.095408538	0.101
4	0.931680897	1.094408538	1.417608538	0.3232
1	0.372672359	1.169644718	1.270644718	0.101
3	0.745344718	1.180744718	1.281744718	0.101
2	0.559008538	1.270644718	1.371644718	0.101
5	1.118017077	1.280744718	1.603944718	0.3232
3	0.745344718	1.371644718	1.472644718	0.101
6	1.304353256	1.417608538	1.740808538	0.3232
4	0.931680897	1.428708538	1.529708538	0.101
4	0.931680897	1.472644718	1.573644718	0.101
7	1.490689436	1.591789436	1.914989436	0.3232
5	1.118017077	1.615044718	1.716044718	0.101
5	1.118017077	1.716044718	1.817044718	0.101
8	1.677025615	1.778125615	2.101325615	0.3232
6	1.304353256	1.817044718	1.918044718	0.101
6	1.304353256	1.914989436	2.015989436	0.101
7	1.490689436	1.926089436	2.027089436	0.101
9	1.863361795	1.964461795	2.287661795	0.3232
7	1.490689436	2.101325615	2.202325615	0.101
8	1.677025615	2.112425615	2.213425615	0.101
8	1.677025615	2.202325615	2.303325615	0.101
9	1.863361795	2.298761795	2.399761795	0.101
9	1.863361795	2.298761795	2.399761795	0.101
----------------------------
DAO Server:
0	0.186336179	0.388536179	0.600636179	0.2121
1	0.372672359	0.574872359	0.786972359	0.2121
2	0.559008538	0.761208538	0.973308538	0.2121
3	0.745344718	0.947544718	1.159644718	0.2121
4	0.931680897	1.195508538	1.407608538	0.2121
5	1.118017077	1.381844718	1.593944718	0.2121
6	1.304353256	1.518708538	1.730808538	0.2121
7	1.490689436	1.692889436	1.904989436	0.2121
8	1.677025615	1.879225615	2.091325615	0.2121
9	1.863361795	2.065561795	2.277661795	0.2121
----------------------------
SQL DataBase:
0	0.186336179	0.489636179	0.590636179	0.101
1	0.372672359	0.675972359	0.776972359	0.101
2	0.559008538	0.862308538	0.963308538	0.101
3	0.745344718	1.048644718	1.149644718	0.101
4	0.931680897	1.296608538	1.397608538	0.101
5	1.118017077	1.482944718	1.583944718	0.101
6	1.304353256	1.619808538	1.720808538	0.101
7	1.490689436	1.793989436	1.894989436	0.101
8	1.677025615	1.980325615	2.081325615	0.101
9	1.863361795	2.166661795	2.267661795	0.101
----------------------------
Printer:
----------------------------
