Controller Server:
0	0.186336179	0.186336179	0.620636179	0.4343
1	0.372672359	0.372672359	0.806972359	0.4343
2	0.559008538	0.620636179	1.054936179	0.4343
0	0.186336179	0.806972359	0.919072359	0.1121
3	0.745344718	0.919072359	1.353372359	0.4343
1	0.372672359	1.054936179	1.167036179	0.1121
0	0.186336179	1.167036179	1.279136179	0.1121
2	0.559008538	1.279136179	1.391236179	0.1121
4	0.931680897	1.353372359	1.787672359	0.4343
5	1.118017077	1.391236179	1.825536179	0.4343
1	0.372672359	1.787672359	1.899772359	0.1121
3	0.745344718	1.825536179	1.937636179	0.1121
6	1.304353256	1.899772359	2.334072359	0.4343
2	0.559008538	1.937636179	2.049736179	0.1121
8	1.677025615	2.049736179	2.546172359	0.49643618
7	1.490689436	2.334072359	2.768372359	0.4343
5	1.118017077	2.546172359	2.658272359	0.1121
3	0.745344718	2.658272359	2.770372359	0.1121
4	0.931680897	2.768372359	2.880472359	0.1121
6	1.304353256	2.770372359	2.882472359	0.1121
9	1.863361795	2.880472359	3.314772359	0.4343
5	1.118017077	2.882472359	2.994572359	0.1121
4	0.931680897	2.994572359	3.106672359	0.1121
8	1.677025615	3.314772359	3.426872359	0.1121
9	1.863361795	3.314772359	3.426872359	0.1121
7	1.490689436	3.426872359	3.538972359	0.1121
9	1.863361795	3.426872359	3.538972359	0.1121
6	1.304353256	3.538972359	3.651072359	0.1121
8	1.677025615	3.651072359	3.763172359	0.1121
7	1.490689436	3.763172359	3.875272359	0.1121
----------------------------
Service Server:
0	0.186336179	0.287436179	0.610636179	0.3232
1	0.372672359	0.473772359	0.796972359	0.3232
2	0.559008538	0.721736179	1.044936179	0.3232
0	0.186336179	0.808072359	0.909072359	0.101
3	0.745344718	1.020172359	1.343372359	0.3232
1	0.372672359	1.056036179	1.157036179	0.101
0	0.186336179	1.168136179	1.269136179	0.101
2	0.559008538	1.280236179	1.381236179	0.101
4	0.931680897	1.454472359	1.777672359	0.3232
5	1.118017077	1.492336179	1.815536179	0.3232
1	0.372672359	1.788772359	1.889772359	0.101
3	0.745344718	1.826636179	1.927636179	0.101
2	0.559008538	1.938736179	2.039736179	0.101
6	1.304353256	2.000872359	2.324072359	0.3232
8	1.677025615	2.150836179	2.536172359	0.38533618
7	1.490689436	2.435172359	2.758372359	0.3232
5	1.118017077	2.547272359	2.648272359	0.101
3	0.745344718	2.659372359	2.760372359	0.101
4	0.931680897	2.769472359	2.870472359	0.101
6	1.304353256	2.771472359	2.872472359	0.101
5	1.118017077	2.883572359	2.984572359	0.101
9	1.863361795	2.981572359	3.304772359	0.3232
4	0.931680897	2.995672359	3.096672359	0.101
8	1.677025615	3.315872359	3.416872359	0.101
9	1.863361795	3.315872359	3.416872359	0.101
7	1.490689436	3.427972359	3.528972359	0.101
9	1.863361795	3.427972359	3.528972359	0.101
6	1.304353256	3.540072359	3.641072359	0.101
8	1.677025615	3.652172359	3.753172359	0.101
7	1.490689436	3.764272359	3.865272359	0.101
----------------------------
DAO Server:
0	0.186336179	0.388536179	0.600636179	0.2121
1	0.372672359	0.574872359	0.786972359	0.2121
2	0.559008538	0.822836179	1.034936179	0.2121
3	0.745344718	1.121272359	1.333372359	0.2121
4	0.931680897	1.555572359	1.767672359	0.2121
5	1.118017077	1.593436179	1.805536179	0.2121
6	1.304353256	2.101972359	2.314072359	0.2121
8	1.677025615	2.314072359	2.526172359	0.2121
7	1.490689436	2.536272359	2.748372359	0.2121
9	1.863361795	3.082672359	3.294772359	0.2121
----------------------------
SQL DataBase:
0	0.186336179	0.489636179	0.590636179	0.101
1	0.372672359	0.675972359	0.776972359	0.101
2	0.559008538	0.923936179	1.024936179	0.101
3	0.745344718	1.222372359	1.323372359	0.101
4	0.931680897	1.656672359	1.757672359	0.101
5	1.118017077	1.694536179	1.795536179	0.101
6	1.304353256	2.203072359	2.304072359	0.101
8	1.677025615	2.415172359	2.516172359	0.101
7	1.490689436	2.637372359	2.738372359	0.101
9	1.863361795	3.183772359	3.284772359	0.101
----------------------------
Printer:
----------------------------
