Controller Server:
0	0.186336179	0.186336179	0.620636179	0.4343
1	0.372672359	0.372672359	0.806972359	0.4343
2	0.559008538	0.620636179	1.054936179	0.4343
0	0.186336179	0.806972359	0.807972359	0.001
3	0.745344718	0.807972359	1.242272359	0.4343
1	0.372672359	1.054936179	1.055936179	0.001
0	0.186336179	1.055936179	1.056936179	0.001
4	0.931680897	1.056936179	1.565472359	0.50853618
2	0.559008538	1.242272359	1.243272359	0.001
1	0.372672359	1.243272359	1.244272359	0.001
5	1.118017077	1.244272359	1.793236179	0.54896382
3	0.745344718	1.565472359	1.566472359	0.001
2	0.559008538	1.566472359	1.567472359	0.001
6	1.304353256	1.567472359	2.101772359	0.5343
7	1.490689436	1.793236179	2.227536179	0.4343
4	0.931680897	2.101772359	2.102772359	0.001
3	0.745344718	2.102772359	2.103772359	0.001
8	1.677025615	2.103772359	2.550736179	0.44696382
5	1.118017077	2.227536179	2.228536179	0.001
9	1.863361795	2.228536179	2.739072359	0.51053618
6	1.304353256	2.550736179	2.551736179	0.001
4	0.931680897	2.551736179	2.552736179	0.001
7	1.490689436	2.552736179	2.553736179	0.001
8	1.677025615	2.553736179	2.554736179	0.001
6	1.304353256	2.554736179	2.555736179	0.001
8	1.677025615	2.555736179	2.556736179	0.001
5	1.118017077	2.739072359	2.740072359	0.001
7	1.490689436	2.740072359	2.741072359	0.001
9	1.863361795	2.741072359	2.742072359	0.001
9	1.863361795	2.742072359	2.743072359	0.001
----------------------------
Service Server:
0	0.186336179	0.287436179	0.610636179	0.3232
1	0.372672359	0.473772359	0.796972359	0.3232
2	0.559008538	0.721736179	1.044936179	0.3232
0	0.186336179	0.808072359	0.909072359	0.101
3	0.745344718	0.909072359	1.232272359	0.3232
1	0.372672359	1.056036179	1.157036179	0.101
0	0.186336179	1.157036179	1.258036179	0.101
4	0.931680897	1.232272359	1.555472359	0.3232
2	0.559008538	1.258036179	1.359036179	0.101
1	0.372672359	1.359036179	1.460036179	0.101
5	1.118017077	1.460036179	1.783236179	0.3232
3	0.745344718	1.566572359	1.667572359	0.101
2	0.559008538	1.667572359	1.768572359	0.101
6	1.304353256	1.768572359	2.091772359	0.3232
7	1.490689436	1.894336179	2.217536179	0.3232
4	0.931680897	2.102872359	2.203872359	0.101
3	0.745344718	2.203872359	2.304872359	0.101
8	1.677025615	2.217536179	2.540736179	0.3232
5	1.118017077	2.304872359	2.405872359	0.101
9	1.863361795	2.405872359	2.729072359	0.3232
6	1.304353256	2.551836179	2.652836179	0.101
4	0.931680897	2.652836179	2.753836179	0.101
7	1.490689436	2.729072359	2.830072359	0.101
5	1.118017077	2.753836179	2.854836179	0.101
8	1.677025615	2.830072359	2.931072359	0.101
6	1.304353256	2.854836179	2.955836179	0.101
7	1.490689436	2.931072359	3.032072359	0.101
8	1.677025615	2.955836179	3.056836179	0.101
9	1.863361795	3.032072359	3.133072359	0.101
9	1.863361795	3.056836179	3.157836179	0.101
----------------------------
DAO Server:
0	0.186336179	0.388536179	0.600636179	0.2121
1	0.372672359	0.574872359	0.786972359	0.2121
2	0.559008538	0.822836179	1.034936179	0.2121
3	0.745344718	1.010172359	1.222272359	0.2121
4	0.931680897	1.333372359	1.545472359	0.2121
5	1.118017077	1.561136179	1.773236179	0.2121
6	1.304353256	1.869672359	2.081772359	0.2121
7	1.490689436	1.995436179	2.207536179	0.2121
8	1.677025615	2.318636179	2.530736179	0.2121
9	1.863361795	2.506972359	2.719072359	0.2121
----------------------------
SQL DataBase:
0	0.186336179	0.489636179	0.590636179	0.101
1	0.372672359	0.675972359	0.776972359	0.101
2	0.559008538	0.923936179	1.024936179	0.101
3	0.745344718	1.111272359	1.212272359	0.101
4	0.931680897	1.434472359	1.535472359	0.101
5	1.118017077	1.662236179	1.763236179	0.101
6	1.304353256	1.970772359	2.071772359	0.101
7	1.490689436	2.096536179	2.197536179	0.101
8	1.677025615	2.419736179	2.520736179	0.101
9	1.863361795	2.608072359	2.709072359	0.101
----------------------------
Printer:
----------------------------
