Controller Server:
0	0.09316809	0.09316809	0.52746809	0.4343
1	0.186336179	0.186336179	0.620636179	0.4343
2	0.279504269	0.52746809	0.96176809	0.4343
3	0.372672359	0.620636179	1.054936179	0.4343
4	0.465840449	0.96176809	1.490236179	0.528468089
0	0.09316809	1.054936179	1.167036179	0.1121
5	0.559008538	1.167036179	1.601336179	0.4343
1	0.186336179	1.490236179	1.702336179	0.2121
6	0.652176628	1.601336179	2.035636179	0.4343
7	0.745344718	1.702336179	2.136636179	0.4343
8	0.838512808	2.035636179	2.469936179	0.4343
9	0.931680897	2.136636179	2.570936179	0.4343
2	0.279504269	2.469936179	2.671936179	0.202
3	0.372672359	2.570936179	2.772936179	0.202
4	0.465840449	2.671936179	2.873936179	0.202
5	0.559008538	2.772936179	2.974936179	0.202
6	0.652176628	2.873936179	3.075936179	0.202
7	0.745344718	2.974936179	3.176936179	0.202
8	0.838512808	3.075936179	3.277936179	0.202
9	0.931680897	3.176936179	3.378936179	0.202
----------------------------
Service Server:
0	0.09316809	0.19426809	0.51746809	0.3232
1	0.186336179	0.287436179	0.610636179	0.3232
2	0.279504269	0.62856809	0.95176809	0.3232
3	0.372672359	0.721736179	1.044936179	0.3232
0	0.09316809	1.056036179	1.157036179	0.101
0	0.09316809	1.056036179	1.157036179	0.101
4	0.465840449	1.157036179	1.480236179	0.3232
5	0.559008538	1.268136179	1.591336179	0.3232
1	0.186336179	1.491336179	1.592336179	0.101
1	0.186336179	1.591336179	1.692336179	0.101
6	0.652176628	1.702436179	2.025636179	0.3232
7	0.745344718	1.803436179	2.126636179	0.3232
8	0.838512808	2.136736179	2.459936179	0.3232
9	0.931680897	2.237736179	2.560936179	0.3232
2	0.279504269	2.471036179	2.572036179	0.101
2	0.279504269	2.560936179	2.661936179	0.101
3	0.372672359	2.572036179	2.673036179	0.101
3	0.372672359	2.661936179	2.762936179	0.101
4	0.465840449	2.673036179	2.774036179	0.101
4	0.465840449	2.762936179	2.863936179	0.101
5	0.559008538	2.774036179	2.875036179	0.101
5	0.559008538	2.863936179	2.964936179	0.101
6	0.652176628	2.875036179	2.976036179	0.101
6	0.652176628	2.964936179	3.065936179	0.101
7	0.745344718	2.976036179	3.077036179	0.101
7	0.745344718	3.065936179	3.166936179	0.101
8	0.838512808	3.077036179	3.178036179	0.101
8	0.838512808	3.166936179	3.267936179	0.101
9	0.931680897	3.178036179	3.279036179	0.101
9	0.931680897	3.267936179	3.368936179	0.101
----------------------------
DAO Server:
0	0.09316809	0.29536809	0.50746809	0.2121
1	0.186336179	0.388536179	0.600636179	0.2121
2	0.279504269	0.72966809	0.94176809	0.2121
3	0.372672359	0.822836179	1.034936179	0.2121
4	0.465840449	1.258136179	1.470236179	0.2121
5	0.559008538	1.369236179	1.581336179	0.2121
6	0.652176628	1.803536179	2.015636179	0.2121
7	0.745344718	1.904536179	2.116636179	0.2121
8	0.838512808	2.237836179	2.449936179	0.2121
9	0.931680897	2.338836179	2.550936179	0.2121
----------------------------
SQL DataBase:
0	0.09316809	0.39646809	0.49746809	0.101
1	0.186336179	0.489636179	0.590636179	0.101
2	0.279504269	0.83076809	0.93176809	0.101
3	0.372672359	0.923936179	1.024936179	0.101
4	0.465840449	1.359236179	1.460236179	0.101
5	0.559008538	1.470336179	1.571336179	0.101
6	0.652176628	1.904636179	2.005636179	0.101
7	0.745344718	2.005636179	2.106636179	0.101
8	0.838512808	2.338936179	2.439936179	0.101
9	0.931680897	2.439936179	2.540936179	0.101
----------------------------
Printer:
----------------------------
