Controller Server:
0	0.09316809	0.09316809	0.52746809	0.4343
1	0.186336179	0.186336179	0.620636179	0.4343
2	0.279504269	0.279504269	0.713804269	0.4343
3	0.372672359	0.52746809	0.96176809	0.4343
4	0.465840449	0.620636179	1.054936179	0.4343
0	0.09316809	0.713804269	0.825904269	0.1121
5	0.559008538	0.825904269	1.260204269	0.4343
1	0.186336179	0.96176809	1.07386809	0.1121
6	0.652176628	1.054936179	1.489236179	0.4343
2	0.279504269	1.07386809	1.18596809	0.1121
7	0.745344718	1.18596809	1.62026809	0.4343
0	0.09316809	1.260204269	1.372304269	0.1121
8	0.838512808	1.372304269	1.806604269	0.4343
9	0.931680897	1.489236179	1.923536179	0.4343
3	0.372672359	1.62026809	1.73236809	0.1121
4	0.465840449	1.73236809	1.84446809	0.1121
1	0.186336179	1.806604269	1.918704269	0.1121
2	0.279504269	1.84446809	1.95656809	0.1121
5	0.559008538	1.918704269	2.030804269	0.1121
6	0.652176628	1.923536179	2.035636179	0.1121
7	0.745344718	1.95656809	2.06866809	0.1121
3	0.372672359	2.030804269	2.142904269	0.1121
8	0.838512808	2.035636179	2.147736179	0.1121
4	0.465840449	2.06866809	2.18076809	0.1121
9	0.931680897	2.142904269	2.255004269	0.1121
5	0.559008538	2.147736179	2.259836179	0.1121
6	0.652176628	2.18076809	2.29286809	0.1121
7	0.745344718	2.255004269	2.367104269	0.1121
8	0.838512808	2.259836179	2.371936179	0.1121
9	0.931680897	2.29286809	2.40496809	0.1121
----------------------------
Service Server:
0	0.09316809	0.19426809	0.51746809	0.3232
1	0.186336179	0.287436179	0.610636179	0.3232
2	0.279504269	0.380604269	0.703804269	0.3232
3	0.372672359	0.62856809	0.95176809	0.3232
0	0.09316809	0.714904269	0.815904269	0.101
4	0.465840449	0.721736179	1.044936179	0.3232
5	0.559008538	0.927004269	1.250204269	0.3232
1	0.186336179	0.96286809	1.06386809	0.101
2	0.279504269	1.07496809	1.17596809	0.101
6	0.652176628	1.156036179	1.479236179	0.3232
0	0.09316809	1.261304269	1.362304269	0.101
7	0.745344718	1.28706809	1.61026809	0.3232
8	0.838512808	1.473404269	1.796604269	0.3232
9	0.931680897	1.590336179	1.913536179	0.3232
3	0.372672359	1.62136809	1.72236809	0.101
4	0.465840449	1.73346809	1.83446809	0.101
1	0.186336179	1.807704269	1.908704269	0.101
2	0.279504269	1.84556809	1.94656809	0.101
5	0.559008538	1.919804269	2.020804269	0.101
6	0.652176628	1.924636179	2.025636179	0.101
7	0.745344718	1.95766809	2.05866809	0.101
3	0.372672359	2.031904269	2.132904269	0.101
8	0.838512808	2.036736179	2.137736179	0.101
4	0.465840449	2.06976809	2.17076809	0.101
9	0.931680897	2.144004269	2.245004269	0.101
5	0.559008538	2.148836179	2.249836179	0.101
6	0.652176628	2.18186809	2.28286809	0.101
7	0.745344718	2.256104269	2.357104269	0.101
8	0.838512808	2.260936179	2.361936179	0.101
9	0.931680897	2.29396809	2.39496809	0.101
----------------------------
DAO Server:
0	0.09316809	0.29536809	0.50746809	0.2121
1	0.186336179	0.388536179	0.600636179	0.2121
2	0.279504269	0.481704269	0.693804269	0.2121
3	0.372672359	0.72966809	0.94176809	0.2121
4	0.465840449	0.822836179	1.034936179	0.2121
5	0.559008538	1.028104269	1.240204269	0.2121
6	0.652176628	1.257136179	1.469236179	0.2121
7	0.745344718	1.38816809	1.60026809	0.2121
8	0.838512808	1.574504269	1.786604269	0.2121
9	0.931680897	1.691436179	1.903536179	0.2121
----------------------------
SQL DataBase:
0	0.09316809	0.39646809	0.49746809	0.101
1	0.186336179	0.489636179	0.590636179	0.101
2	0.279504269	0.582804269	0.683804269	0.101
3	0.372672359	0.83076809	0.93176809	0.101
4	0.465840449	0.923936179	1.024936179	0.101
5	0.559008538	1.129204269	1.230204269	0.101
6	0.652176628	1.358236179	1.459236179	0.101
7	0.745344718	1.48926809	1.59026809	0.101
8	0.838512808	1.675604269	1.776604269	0.101
9	0.931680897	1.792536179	1.893536179	0.101
----------------------------
Printer:
----------------------------
