Controller Server:
0	0.09316809	0.09316809	0.52746809	0.4343
1	0.186336179	0.186336179	0.620636179	0.4343
2	0.279504269	0.279504269	0.713804269	0.4343
3	0.372672359	0.52746809	0.96176809	0.4343
4	0.465840449	0.620636179	1.149104269	0.52846809
0	0.09316809	0.713804269	0.714804269	0.001
5	0.559008538	0.714804269	1.149104269	0.4343
1	0.186336179	0.96176809	0.96276809	0.001
6	0.652176628	0.96276809	1.472304269	0.509536179
2	0.279504269	1.149104269	1.150104269	0.001
7	0.745344718	1.149104269	1.584404269	0.4353
8	0.838512808	1.150104269	1.59906809	0.448963821
9	0.931680897	1.472304269	1.906604269	0.4343
3	0.372672359	1.584404269	1.585404269	0.001
4	0.465840449	1.585404269	1.586404269	0.001
5	0.559008538	1.586404269	1.587404269	0.001
6	0.652176628	1.587404269	1.588404269	0.001
7	0.745344718	1.588404269	1.589404269	0.001
8	0.838512808	1.59906809	1.60006809	0.001
9	0.931680897	1.906604269	1.907604269	0.001
----------------------------
Service Server:
0	0.09316809	0.19426809	0.51746809	0.3232
1	0.186336179	0.287436179	0.610636179	0.3232
2	0.279504269	0.380604269	0.703804269	0.3232
3	0.372672359	0.62856809	0.95176809	0.3232
0	0.09316809	0.714904269	0.815904269	0.101
0	0.09316809	0.714904269	0.815904269	0.101
4	0.465840449	0.815904269	1.139104269	0.3232
5	0.559008538	0.815904269	1.139104269	0.3232
1	0.186336179	0.96286809	1.06386809	0.101
1	0.186336179	1.06386809	1.16486809	0.101
6	0.652176628	1.139104269	1.462304269	0.3232
2	0.279504269	1.150204269	1.251204269	0.101
2	0.279504269	1.16486809	1.26586809	0.101
7	0.745344718	1.251204269	1.574404269	0.3232
8	0.838512808	1.26586809	1.58906809	0.3232
9	0.931680897	1.573404269	1.896604269	0.3232
3	0.372672359	1.585504269	1.686504269	0.101
3	0.372672359	1.58906809	1.69006809	0.101
4	0.465840449	1.686504269	1.787504269	0.101
4	0.465840449	1.69006809	1.79106809	0.101
5	0.559008538	1.787504269	1.888504269	0.101
5	0.559008538	1.79106809	1.89206809	0.101
6	0.652176628	1.888504269	1.989504269	0.101
6	0.652176628	1.89206809	1.99306809	0.101
7	0.745344718	1.896604269	1.997604269	0.101
7	0.745344718	1.989504269	2.090504269	0.101
8	0.838512808	1.99306809	2.09406809	0.101
8	0.838512808	1.997604269	2.098604269	0.101
9	0.931680897	2.090504269	2.191504269	0.101
9	0.931680897	2.09406809	2.19506809	0.101
----------------------------
DAO Server:
0	0.09316809	0.29536809	0.50746809	0.2121
1	0.186336179	0.388536179	0.600636179	0.2121
2	0.279504269	0.481704269	0.693804269	0.2121
3	0.372672359	0.72966809	0.94176809	0.2121
4	0.465840449	0.917004269	1.129104269	0.2121
5	0.559008538	0.917004269	1.129104269	0.2121
6	0.652176628	1.240204269	1.452304269	0.2121
7	0.745344718	1.352304269	1.564404269	0.2121
8	0.838512808	1.36696809	1.57906809	0.2121
9	0.931680897	1.674504269	1.886604269	0.2121
----------------------------
SQL DataBase:
0	0.09316809	0.39646809	0.49746809	0.101
1	0.186336179	0.489636179	0.590636179	0.101
2	0.279504269	0.582804269	0.683804269	0.101
3	0.372672359	0.83076809	0.93176809	0.101
4	0.465840449	1.018104269	1.119104269	0.101
5	0.559008538	1.018104269	1.119104269	0.101
6	0.652176628	1.341304269	1.442304269	0.101
7	0.745344718	1.453404269	1.554404269	0.101
8	0.838512808	1.46806809	1.56906809	0.101
9	0.931680897	1.775604269	1.876604269	0.101
----------------------------
Printer:
----------------------------
