Controller Server:
0	0.09316809	0.09316809	0.52746809	0.4343
1	0.186336179	0.186336179	0.620636179	0.4343
2	0.279504269	0.52746809	0.96176809	0.4343
3	0.372672359	0.620636179	1.054936179	0.4343
4	0.465840449	0.96176809	1.490236179	0.528468089
0	0.09316809	1.054936179	1.055936179	0.001
5	0.559008538	1.055936179	1.490236179	0.4343
1	0.186336179	1.490236179	1.491236179	0.001
6	0.652176628	1.490236179	1.925536179	0.4353
7	0.745344718	1.491236179	1.925536179	0.4343
8	0.838512808	1.925536179	2.359836179	0.4343
9	0.931680897	1.925536179	2.359836179	0.4343
2	0.279504269	2.359836179	2.360836179	0.001
3	0.372672359	2.359836179	2.360836179	0.001
4	0.465840449	2.360836179	2.361836179	0.001
5	0.559008538	2.360836179	2.361836179	0.001
6	0.652176628	2.361836179	2.362836179	0.001
7	0.745344718	2.361836179	2.362836179	0.001
8	0.838512808	2.362836179	2.363836179	0.001
9	0.931680897	2.362836179	2.363836179	0.001
----------------------------
Service Server:
0	0.09316809	0.19426809	0.51746809	0.3232
1	0.186336179	0.287436179	0.610636179	0.3232
2	0.279504269	0.62856809	0.95176809	0.3232
3	0.372672359	0.721736179	1.044936179	0.3232
0	0.09316809	1.056036179	1.157036179	0.101
0	0.09316809	1.056036179	1.157036179	0.101
4	0.465840449	1.157036179	1.480236179	0.3232
5	0.559008538	1.157036179	1.480236179	0.3232
1	0.186336179	1.491336179	1.592336179	0.101
1	0.186336179	1.491336179	1.592336179	0.101
6	0.652176628	1.592336179	1.915536179	0.3232
7	0.745344718	1.592336179	1.915536179	0.3232
8	0.838512808	2.026636179	2.349836179	0.3232
9	0.931680897	2.026636179	2.349836179	0.3232
2	0.279504269	2.360936179	2.461936179	0.101
3	0.372672359	2.360936179	2.461936179	0.101
2	0.279504269	2.461936179	2.562936179	0.101
3	0.372672359	2.461936179	2.562936179	0.101
4	0.465840449	2.562936179	2.663936179	0.101
5	0.559008538	2.562936179	2.663936179	0.101
4	0.465840449	2.663936179	2.764936179	0.101
5	0.559008538	2.663936179	2.764936179	0.101
6	0.652176628	2.764936179	2.865936179	0.101
7	0.745344718	2.764936179	2.865936179	0.101
6	0.652176628	2.865936179	2.966936179	0.101
7	0.745344718	2.865936179	2.966936179	0.101
8	0.838512808	2.966936179	3.067936179	0.101
9	0.931680897	2.966936179	3.067936179	0.101
8	0.838512808	3.067936179	3.168936179	0.101
9	0.931680897	3.067936179	3.168936179	0.101
----------------------------
DAO Server:
0	0.09316809	0.29536809	0.50746809	0.2121
1	0.186336179	0.388536179	0.600636179	0.2121
2	0.279504269	0.72966809	0.94176809	0.2121
3	0.372672359	0.822836179	1.034936179	0.2121
4	0.465840449	1.258136179	1.470236179	0.2121
5	0.559008538	1.258136179	1.470236179	0.2121
6	0.652176628	1.693436179	1.905536179	0.2121
7	0.745344718	1.693436179	1.905536179	0.2121
8	0.838512808	2.127736179	2.339836179	0.2121
9	0.931680897	2.127736179	2.339836179	0.2121
----------------------------
SQL DataBase:
0	0.09316809	0.39646809	0.49746809	0.101
1	0.186336179	0.489636179	0.590636179	0.101
2	0.279504269	0.83076809	0.93176809	0.101
3	0.372672359	0.923936179	1.024936179	0.101
4	0.465840449	1.359236179	1.460236179	0.101
5	0.559008538	1.359236179	1.460236179	0.101
6	0.652176628	1.794536179	1.895536179	0.101
7	0.745344718	1.794536179	1.895536179	0.101
8	0.838512808	2.228836179	2.329836179	0.101
9	0.931680897	2.228836179	2.329836179	0.101
----------------------------
Printer:
----------------------------
