Controller Server:
0	0.09316809	0.09316809	0.52746809	0.4343
1	0.186336179	0.186336179	0.620636179	0.4343
2	0.279504269	0.279504269	0.713804269	0.4343
3	0.372672359	0.372672359	0.806972359	0.4343
4	0.465840449	0.52746809	0.96176809	0.4343
0	0.09316809	0.620636179	0.621636179	0.001
5	0.559008538	0.621636179	1.055936179	0.4343
1	0.186336179	0.713804269	0.714804269	0.001
6	0.652176628	0.714804269	1.242272359	0.52746809
2	0.279504269	0.806972359	0.807972359	0.001
0	0.09316809	0.807972359	0.808972359	0.001
7	0.745344718	0.808972359	1.250104269	0.44113191
3	0.372672359	0.96176809	0.96276809	0.001
1	0.186336179	0.96276809	0.96376809	0.001
8	0.838512808	0.96376809	1.480136179	0.516368089
2	0.279504269	1.055936179	1.056936179	0.001
9	0.931680897	1.056936179	1.49806809	0.441131911
4	0.465840449	1.242272359	1.243272359	0.001
5	0.559008538	1.243272359	1.244272359	0.001
3	0.372672359	1.244272359	1.245272359	0.001
6	0.652176628	1.245272359	1.246272359	0.001
7	0.745344718	1.250104269	1.251104269	0.001
4	0.465840449	1.354372359	1.355372359	0.001
5	0.559008538	1.355372359	1.356372359	0.001
6	0.652176628	1.456372359	1.457372359	0.001
8	0.838512808	1.480136179	1.481136179	0.001
9	0.931680897	1.49806809	1.49906809	0.001
7	0.745344718	1.556372359	1.557372359	0.001
8	0.838512808	1.657372359	1.658372359	0.001
9	0.931680897	1.658372359	1.659372359	0.001
----------------------------
Service Server:
0	0.09316809	0.19426809	0.51746809	0.3232
1	0.186336179	0.287436179	0.610636179	0.3232
2	0.279504269	0.380604269	0.703804269	0.3232
3	0.372672359	0.473772359	0.796972359	0.3232
0	0.09316809	0.621736179	0.722736179	0.101
4	0.465840449	0.62856809	0.95176809	0.3232
1	0.186336179	0.714904269	0.815904269	0.101
5	0.559008538	0.722736179	1.045936179	0.3232
2	0.279504269	0.808072359	0.909072359	0.101
0	0.09316809	0.815904269	0.916904269	0.101
6	0.652176628	0.909072359	1.232272359	0.3232
7	0.745344718	0.916904269	1.240104269	0.3232
3	0.372672359	0.96286809	1.06386809	0.101
1	0.186336179	1.045936179	1.146936179	0.101
2	0.279504269	1.06386809	1.16486809	0.101
8	0.838512808	1.146936179	1.470136179	0.3232
9	0.931680897	1.16486809	1.48806809	0.3232
4	0.465840449	1.243372359	1.344372359	0.101
5	0.559008538	1.244372359	1.345372359	0.101
3	0.372672359	1.344372359	1.445372359	0.101
6	0.652176628	1.345372359	1.446372359	0.101
7	0.745344718	1.445372359	1.546372359	0.101
4	0.465840449	1.446372359	1.547372359	0.101
5	0.559008538	1.470136179	1.571136179	0.101
6	0.652176628	1.48806809	1.58906809	0.101
8	0.838512808	1.546372359	1.647372359	0.101
9	0.931680897	1.547372359	1.648372359	0.101
7	0.745344718	1.571136179	1.672136179	0.101
8	0.838512808	1.658472359	1.759472359	0.101
9	0.931680897	1.659472359	1.760472359	0.101
----------------------------
DAO Server:
0	0.09316809	0.29536809	0.50746809	0.2121
1	0.186336179	0.388536179	0.600636179	0.2121
2	0.279504269	0.481704269	0.693804269	0.2121
3	0.372672359	0.574872359	0.786972359	0.2121
4	0.465840449	0.72966809	0.94176809	0.2121
5	0.559008538	0.823836179	1.035936179	0.2121
6	0.652176628	1.010172359	1.222272359	0.2121
7	0.745344718	1.018004269	1.230104269	0.2121
8	0.838512808	1.248036179	1.460136179	0.2121
9	0.931680897	1.26596809	1.47806809	0.2121
----------------------------
SQL DataBase:
0	0.09316809	0.39646809	0.49746809	0.101
1	0.186336179	0.489636179	0.590636179	0.101
2	0.279504269	0.582804269	0.683804269	0.101
3	0.372672359	0.675972359	0.776972359	0.101
4	0.465840449	0.83076809	0.93176809	0.101
5	0.559008538	0.924936179	1.025936179	0.101
6	0.652176628	1.111272359	1.212272359	0.101
7	0.745344718	1.119104269	1.220104269	0.101
8	0.838512808	1.349136179	1.450136179	0.101
9	0.931680897	1.36706809	1.46806809	0.101
----------------------------
Printer:
----------------------------
