Controller Server:
0	0.09316809	0.09316809	0.52746809	0.4343
1	0.186336179	0.186336179	0.620636179	0.4343
2	0.279504269	0.279504269	0.713804269	0.4343
3	0.372672359	0.372672359	0.806972359	0.4343
4	0.465840449	0.465840449	0.900140449	0.4343
0	0.09316809	0.52746809	0.63956809	0.1121
5	0.559008538	0.620636179	1.054936179	0.4343
1	0.186336179	0.63956809	0.75166809	0.1121
0	0.09316809	0.713804269	0.825904269	0.1121
6	0.652176628	0.75166809	1.18596809	0.4343
2	0.279504269	0.806972359	0.919072359	0.1121
7	0.745344718	0.825904269	1.260204269	0.4343
1	0.186336179	0.900140449	1.012240449	0.1121
3	0.372672359	0.919072359	1.031172359	0.1121
8	0.838512808	1.012240449	1.446540449	0.4343
4	0.465840449	1.031172359	1.143272359	0.1121
2	0.279504269	1.054936179	1.167036179	0.1121
9	0.931680897	1.143272359	1.577572359	0.4343
3	0.372672359	1.167036179	1.279136179	0.1121
5	0.559008538	1.18596809	1.29806809	0.1121
4	0.465840449	1.260204269	1.372304269	0.1121
6	0.652176628	1.279136179	1.391236179	0.1121
7	0.745344718	1.29806809	1.41016809	0.1121
5	0.559008538	1.372304269	1.484404269	0.1121
6	0.652176628	1.391236179	1.503336179	0.1121
7	0.745344718	1.41016809	1.52226809	0.1121
8	0.838512808	1.446540449	1.558640449	0.1121
8	0.838512808	1.558640449	1.670740449	0.1121
9	0.931680897	1.577572359	1.689672359	0.1121
9	0.931680897	1.689672359	1.801772359	0.1121
----------------------------
Service Server:
0	0.09316809	0.19426809	0.51746809	0.3232
1	0.186336179	0.287436179	0.610636179	0.3232
2	0.279504269	0.380604269	0.703804269	0.3232
3	0.372672359	0.473772359	0.796972359	0.3232
0	0.09316809	0.52856809	0.62956809	0.101
4	0.465840449	0.566940449	0.890140449	0.3232
1	0.186336179	0.64066809	0.74166809	0.101
0	0.09316809	0.714904269	0.815904269	0.101
5	0.559008538	0.721736179	1.044936179	0.3232
2	0.279504269	0.808072359	0.909072359	0.101
6	0.652176628	0.85276809	1.17596809	0.3232
1	0.186336179	0.901240449	1.002240449	0.101
3	0.372672359	0.920172359	1.021172359	0.101
7	0.745344718	0.927004269	1.250204269	0.3232
4	0.465840449	1.032272359	1.133272359	0.101
2	0.279504269	1.056036179	1.157036179	0.101
8	0.838512808	1.113340449	1.436540449	0.3232
3	0.372672359	1.168136179	1.269136179	0.101
5	0.559008538	1.18706809	1.28806809	0.101
9	0.931680897	1.244372359	1.567572359	0.3232
4	0.465840449	1.261304269	1.362304269	0.101
6	0.652176628	1.280236179	1.381236179	0.101
7	0.745344718	1.29916809	1.40016809	0.101
5	0.559008538	1.373404269	1.474404269	0.101
6	0.652176628	1.392336179	1.493336179	0.101
7	0.745344718	1.41126809	1.51226809	0.101
8	0.838512808	1.447640449	1.548640449	0.101
8	0.838512808	1.559740449	1.660740449	0.101
9	0.931680897	1.578672359	1.679672359	0.101
9	0.931680897	1.690772359	1.791772359	0.101
----------------------------
DAO Server:
0	0.09316809	0.29536809	0.50746809	0.2121
1	0.186336179	0.388536179	0.600636179	0.2121
2	0.279504269	0.481704269	0.693804269	0.2121
3	0.372672359	0.574872359	0.786972359	0.2121
4	0.465840449	0.668040449	0.880140449	0.2121
5	0.559008538	0.822836179	1.034936179	0.2121
6	0.652176628	0.95386809	1.16596809	0.2121
7	0.745344718	1.028104269	1.240204269	0.2121
8	0.838512808	1.214440449	1.426540449	0.2121
9	0.931680897	1.345472359	1.557572359	0.2121
----------------------------
SQL DataBase:
0	0.09316809	0.39646809	0.49746809	0.101
1	0.186336179	0.489636179	0.590636179	0.101
2	0.279504269	0.582804269	0.683804269	0.101
3	0.372672359	0.675972359	0.776972359	0.101
4	0.465840449	0.769140449	0.870140449	0.101
5	0.559008538	0.923936179	1.024936179	0.101
6	0.652176628	1.05496809	1.15596809	0.101
7	0.745344718	1.129204269	1.230204269	0.101
8	0.838512808	1.315540449	1.416540449	0.101
9	0.931680897	1.446572359	1.547572359	0.101
----------------------------
Printer:
----------------------------
