Controller Server:
0	0.09316809	0.09316809	0.52746809	0.4343
1	0.186336179	0.186336179	0.620636179	0.4343
2	0.279504269	0.279504269	0.713804269	0.4343
3	0.372672359	0.52746809	0.96176809	0.4343
4	0.465840449	0.620636179	1.149104269	0.52846809
0	0.09316809	0.713804269	0.825904269	0.1121
5	0.559008538	0.825904269	1.260204269	0.4343
1	0.186336179	0.96176809	1.17486809	0.2131
6	0.652176628	1.149104269	1.583404269	0.4343
2	0.279504269	1.17486809	1.28696809	0.1121
7	0.745344718	1.260204269	1.694504269	0.4343
8	0.838512808	1.28696809	1.72126809	0.4343
9	0.931680897	1.583404269	2.017704269	0.4343
3	0.372672359	1.694504269	1.82226809	0.127763821
4	0.465840449	1.72126809	1.92326809	0.202
5	0.559008538	1.82226809	2.02426809	0.202
6	0.652176628	1.92326809	2.118704269	0.195436179
7	0.745344718	2.017704269	2.210604269	0.1929
8	0.838512808	2.02426809	2.230804269	0.206536179
9	0.931680897	2.118704269	2.320704269	0.202
----------------------------
Service Server:
0	0.09316809	0.19426809	0.51746809	0.3232
1	0.186336179	0.287436179	0.610636179	0.3232
2	0.279504269	0.380604269	0.703804269	0.3232
3	0.372672359	0.62856809	0.95176809	0.3232
0	0.09316809	0.714904269	0.815904269	0.101
0	0.09316809	0.714904269	0.815904269	0.101
4	0.465840449	0.815904269	1.139104269	0.3232
5	0.559008538	0.927004269	1.250204269	0.3232
1	0.186336179	0.96286809	1.06386809	0.101
1	0.186336179	1.06386809	1.16486809	0.101
2	0.279504269	1.17596809	1.27696809	0.101
2	0.279504269	1.17596809	1.27696809	0.101
6	0.652176628	1.250204269	1.573404269	0.3232
7	0.745344718	1.361304269	1.684504269	0.3232
8	0.838512808	1.38806809	1.71126809	0.3232
9	0.931680897	1.684504269	2.007704269	0.3232
3	0.372672359	1.695604269	1.796604269	0.101
3	0.372672359	1.71126809	1.81226809	0.101
4	0.465840449	1.796604269	1.897604269	0.101
4	0.465840449	1.81226809	1.91326809	0.101
5	0.559008538	1.897604269	1.998604269	0.101
5	0.559008538	1.91326809	2.01426809	0.101
6	0.652176628	1.998604269	2.099604269	0.101
6	0.652176628	2.007704269	2.108704269	0.101
7	0.745344718	2.018804269	2.119804269	0.101
7	0.745344718	2.099604269	2.200604269	0.101
8	0.838512808	2.108704269	2.209704269	0.101
8	0.838512808	2.119804269	2.220804269	0.101
9	0.931680897	2.200604269	2.301604269	0.101
9	0.931680897	2.209704269	2.310704269	0.101
----------------------------
DAO Server:
0	0.09316809	0.29536809	0.50746809	0.2121
1	0.186336179	0.388536179	0.600636179	0.2121
2	0.279504269	0.481704269	0.693804269	0.2121
3	0.372672359	0.72966809	0.94176809	0.2121
4	0.465840449	0.917004269	1.129104269	0.2121
5	0.559008538	1.028104269	1.240204269	0.2121
6	0.652176628	1.351304269	1.563404269	0.2121
7	0.745344718	1.462404269	1.674504269	0.2121
8	0.838512808	1.48916809	1.70126809	0.2121
9	0.931680897	1.785604269	1.997704269	0.2121
----------------------------
SQL DataBase:
0	0.09316809	0.39646809	0.49746809	0.101
1	0.186336179	0.489636179	0.590636179	0.101
2	0.279504269	0.582804269	0.683804269	0.101
3	0.372672359	0.83076809	0.93176809	0.101
4	0.465840449	1.018104269	1.119104269	0.101
5	0.559008538	1.129204269	1.230204269	0.101
6	0.652176628	1.452404269	1.553404269	0.101
7	0.745344718	1.563504269	1.664504269	0.101
8	0.838512808	1.59026809	1.69126809	0.101
9	0.931680897	1.886704269	1.987704269	0.101
----------------------------
Printer:
----------------------------
