Controller Server:
0	0.09316809	0.09316809	0.52746809	0.4343
1	0.186336179	0.186336179	0.620636179	0.4343
2	0.279504269	0.279504269	0.713804269	0.4343
3	0.372672359	0.372672359	0.806972359	0.4343
4	0.465840449	0.52746809	1.037004269	0.509536179
0	0.09316809	0.620636179	0.732736179	0.1121
5	0.559008538	0.713804269	1.148104269	0.4343
1	0.186336179	0.732736179	0.844836179	0.1121
6	0.652176628	0.806972359	1.280136179	0.47316382
2	0.279504269	0.844836179	0.956936179	0.1121
7	0.745344718	0.956936179	1.471304269	0.51436809
3	0.372672359	1.037004269	1.149104269	0.1121
8	0.838512808	1.148104269	1.582404269	0.4343
9	0.931680897	1.149104269	1.583404269	0.4343
4	0.465840449	1.280136179	1.493236179	0.2131
5	0.559008538	1.471304269	1.594236179	0.12293191
6	0.652176628	1.493236179	1.684404269	0.19116809
7	0.745344718	1.582404269	1.695236179	0.11283191
8	0.838512808	1.583404269	1.785404269	0.202
9	0.931680897	1.594236179	1.796236179	0.202
----------------------------
Service Server:
0	0.09316809	0.19426809	0.51746809	0.3232
1	0.186336179	0.287436179	0.610636179	0.3232
2	0.279504269	0.380604269	0.703804269	0.3232
3	0.372672359	0.473772359	0.796972359	0.3232
0	0.09316809	0.621736179	0.722736179	0.101
0	0.09316809	0.621736179	0.722736179	0.101
4	0.465840449	0.703804269	1.027004269	0.3232
1	0.186336179	0.733836179	0.834836179	0.101
1	0.186336179	0.733836179	0.834836179	0.101
5	0.559008538	0.814904269	1.138104269	0.3232
2	0.279504269	0.845936179	0.946936179	0.101
2	0.279504269	0.845936179	0.946936179	0.101
6	0.652176628	0.946936179	1.270136179	0.3232
3	0.372672359	1.038104269	1.139104269	0.101
3	0.372672359	1.038104269	1.139104269	0.101
7	0.745344718	1.138104269	1.461304269	0.3232
8	0.838512808	1.249204269	1.572404269	0.3232
9	0.931680897	1.250204269	1.573404269	0.3232
4	0.465840449	1.281236179	1.382236179	0.101
4	0.465840449	1.382236179	1.483236179	0.101
5	0.559008538	1.472404269	1.573404269	0.101
5	0.559008538	1.483236179	1.584236179	0.101
6	0.652176628	1.572404269	1.673404269	0.101
6	0.652176628	1.573404269	1.674404269	0.101
7	0.745344718	1.583504269	1.684504269	0.101
7	0.745344718	1.584236179	1.685236179	0.101
8	0.838512808	1.673404269	1.774404269	0.101
8	0.838512808	1.674404269	1.775404269	0.101
9	0.931680897	1.684504269	1.785504269	0.101
9	0.931680897	1.685236179	1.786236179	0.101
----------------------------
DAO Server:
0	0.09316809	0.29536809	0.50746809	0.2121
1	0.186336179	0.388536179	0.600636179	0.2121
2	0.279504269	0.481704269	0.693804269	0.2121
3	0.372672359	0.574872359	0.786972359	0.2121
4	0.465840449	0.804904269	1.017004269	0.2121
5	0.559008538	0.916004269	1.128104269	0.2121
6	0.652176628	1.048036179	1.260136179	0.2121
7	0.745344718	1.239204269	1.451304269	0.2121
8	0.838512808	1.350304269	1.562404269	0.2121
9	0.931680897	1.351304269	1.563404269	0.2121
----------------------------
SQL DataBase:
0	0.09316809	0.39646809	0.49746809	0.101
1	0.186336179	0.489636179	0.590636179	0.101
2	0.279504269	0.582804269	0.683804269	0.101
3	0.372672359	0.675972359	0.776972359	0.101
4	0.465840449	0.906004269	1.007004269	0.101
5	0.559008538	1.017104269	1.118104269	0.101
6	0.652176628	1.149136179	1.250136179	0.101
7	0.745344718	1.340304269	1.441304269	0.101
8	0.838512808	1.451404269	1.552404269	0.101
9	0.931680897	1.452404269	1.553404269	0.101
----------------------------
Printer:
----------------------------
