Controller Server:
0	0.09316809	0.09316809	0.52746809	0.4343
1	0.186336179	0.186336179	0.620636179	0.4343
2	0.279504269	0.279504269	0.713804269	0.4343
3	0.372672359	0.372672359	0.806972359	0.4343
4	0.465840449	0.465840449	0.943836179	0.47799573
0	0.09316809	0.52746809	0.52846809	0.001
5	0.559008538	0.559008538	1.037004269	0.477995731
1	0.186336179	0.620636179	0.621636179	0.001
6	0.652176628	0.652176628	1.130172359	0.477995731
2	0.279504269	0.713804269	0.714804269	0.001
7	0.745344718	0.745344718	1.26576809	0.520423372
3	0.372672359	0.806972359	0.807972359	0.001
8	0.838512808	0.838512808	1.272812808	0.4343
9	0.931680897	0.943836179	1.472304269	0.52846809
4	0.465840449	1.037004269	1.038004269	0.001
5	0.559008538	1.038004269	1.039004269	0.001
6	0.652176628	1.130172359	1.131172359	0.001
7	0.745344718	1.26576809	1.26676809	0.001
8	0.838512808	1.272812808	1.273812808	0.001
9	0.931680897	1.472304269	1.473304269	0.001
----------------------------
Service Server:
0	0.09316809	0.19426809	0.51746809	0.3232
1	0.186336179	0.287436179	0.610636179	0.3232
2	0.279504269	0.380604269	0.703804269	0.3232
3	0.372672359	0.473772359	0.796972359	0.3232
0	0.09316809	0.52856809	0.62956809	0.101
0	0.09316809	0.52856809	0.62956809	0.101
4	0.465840449	0.610636179	0.933836179	0.3232
1	0.186336179	0.62956809	0.73056809	0.101
1	0.186336179	0.62956809	0.73056809	0.101
5	0.559008538	0.703804269	1.027004269	0.3232
2	0.279504269	0.73056809	0.83156809	0.101
2	0.279504269	0.73056809	0.83156809	0.101
6	0.652176628	0.796972359	1.120172359	0.3232
3	0.372672359	0.83156809	0.93256809	0.101
3	0.372672359	0.83156809	0.93256809	0.101
7	0.745344718	0.93256809	1.25576809	0.3232
8	0.838512808	0.939612808	1.262812808	0.3232
4	0.465840449	1.038104269	1.139104269	0.101
4	0.465840449	1.038104269	1.139104269	0.101
5	0.559008538	1.120172359	1.221172359	0.101
5	0.559008538	1.139104269	1.240104269	0.101
9	0.931680897	1.139104269	1.462304269	0.3232
6	0.652176628	1.221172359	1.322172359	0.101
6	0.652176628	1.240104269	1.341104269	0.101
7	0.745344718	1.26686809	1.36786809	0.101
7	0.745344718	1.26686809	1.36786809	0.101
8	0.838512808	1.322172359	1.423172359	0.101
8	0.838512808	1.341104269	1.442104269	0.101
9	0.931680897	1.473404269	1.574404269	0.101
9	0.931680897	1.473404269	1.574404269	0.101
----------------------------
DAO Server:
0	0.09316809	0.29536809	0.50746809	0.2121
1	0.186336179	0.388536179	0.600636179	0.2121
2	0.279504269	0.481704269	0.693804269	0.2121
3	0.372672359	0.574872359	0.786972359	0.2121
4	0.465840449	0.711736179	0.923836179	0.2121
5	0.559008538	0.804904269	1.017004269	0.2121
6	0.652176628	0.898072359	1.110172359	0.2121
7	0.745344718	1.03366809	1.24576809	0.2121
8	0.838512808	1.040712808	1.252812808	0.2121
9	0.931680897	1.240204269	1.452304269	0.2121
----------------------------
SQL DataBase:
0	0.09316809	0.39646809	0.49746809	0.101
1	0.186336179	0.489636179	0.590636179	0.101
2	0.279504269	0.582804269	0.683804269	0.101
3	0.372672359	0.675972359	0.776972359	0.101
4	0.465840449	0.812836179	0.913836179	0.101
5	0.559008538	0.906004269	1.007004269	0.101
6	0.652176628	0.999172359	1.100172359	0.101
7	0.745344718	1.13476809	1.23576809	0.101
8	0.838512808	1.141812808	1.242812808	0.101
9	0.931680897	1.341304269	1.442304269	0.101
----------------------------
Printer:
----------------------------
