Controller Server:
0	0.09316809	0.09316809	0.52746809	0.4343
1	0.186336179	0.186336179	0.620636179	0.4343
2	0.279504269	0.52746809	0.96176809	0.4343
3	0.372672359	0.620636179	1.054936179	0.4343
4	0.465840449	0.96176809	1.39606809	0.4343
0	0.09316809	1.054936179	1.167036179	0.1121
5	0.559008538	1.167036179	1.601336179	0.4343
1	0.186336179	1.39606809	1.50816809	0.1121
6	0.652176628	1.50816809	1.94246809	0.4343
7	0.745344718	1.601336179	2.035636179	0.4343
8	0.838512808	1.94246809	2.37676809	0.4343
9	0.931680897	2.035636179	2.469936179	0.4343
2	0.279504269	2.37676809	2.48886809	0.1121
3	0.372672359	2.469936179	2.582036179	0.1121
0	0.09316809	2.48886809	2.60096809	0.1121
4	0.465840449	2.582036179	2.694136179	0.1121
1	0.186336179	2.60096809	2.71306809	0.1121
5	0.559008538	2.694136179	2.806236179	0.1121
6	0.652176628	2.71306809	2.82516809	0.1121
7	0.745344718	2.806236179	2.918336179	0.1121
8	0.838512808	2.82516809	2.93726809	0.1121
9	0.931680897	2.918336179	3.030436179	0.1121
2	0.279504269	2.93726809	3.04936809	0.1121
3	0.372672359	3.030436179	3.142536179	0.1121
4	0.465840449	3.04936809	3.16146809	0.1121
5	0.559008538	3.142536179	3.254636179	0.1121
6	0.652176628	3.16146809	3.27356809	0.1121
7	0.745344718	3.254636179	3.366736179	0.1121
8	0.838512808	3.27356809	3.38566809	0.1121
9	0.931680897	3.366736179	3.478836179	0.1121
----------------------------
Service Server:
0	0.09316809	0.19426809	0.51746809	0.3232
1	0.186336179	0.287436179	0.610636179	0.3232
2	0.279504269	0.62856809	0.95176809	0.3232
3	0.372672359	0.721736179	1.044936179	0.3232
0	0.09316809	1.056036179	1.157036179	0.101
4	0.465840449	1.06286809	1.38606809	0.3232
5	0.559008538	1.268136179	1.591336179	0.3232
1	0.186336179	1.39716809	1.49816809	0.101
6	0.652176628	1.60926809	1.93246809	0.3232
7	0.745344718	1.702436179	2.025636179	0.3232
8	0.838512808	2.04356809	2.36676809	0.3232
9	0.931680897	2.136736179	2.459936179	0.3232
2	0.279504269	2.37786809	2.47886809	0.101
3	0.372672359	2.471036179	2.572036179	0.101
0	0.09316809	2.48996809	2.59096809	0.101
4	0.465840449	2.583136179	2.684136179	0.101
1	0.186336179	2.60206809	2.70306809	0.101
5	0.559008538	2.695236179	2.796236179	0.101
6	0.652176628	2.71416809	2.81516809	0.101
7	0.745344718	2.807336179	2.908336179	0.101
8	0.838512808	2.82626809	2.92726809	0.101
9	0.931680897	2.919436179	3.020436179	0.101
2	0.279504269	2.93836809	3.03936809	0.101
3	0.372672359	3.031536179	3.132536179	0.101
4	0.465840449	3.05046809	3.15146809	0.101
5	0.559008538	3.143636179	3.244636179	0.101
6	0.652176628	3.16256809	3.26356809	0.101
7	0.745344718	3.255736179	3.356736179	0.101
8	0.838512808	3.27466809	3.37566809	0.101
9	0.931680897	3.367836179	3.468836179	0.101
----------------------------
DAO Server:
0	0.09316809	0.29536809	0.50746809	0.2121
1	0.186336179	0.388536179	0.600636179	0.2121
2	0.279504269	0.72966809	0.94176809	0.2121
3	0.372672359	0.822836179	1.034936179	0.2121
4	0.465840449	1.16396809	1.37606809	0.2121
5	0.559008538	1.369236179	1.581336179	0.2121
6	0.652176628	1.71036809	1.92246809	0.2121
7	0.745344718	1.803536179	2.015636179	0.2121
8	0.838512808	2.14466809	2.35676809	0.2121
9	0.931680897	2.237836179	2.449936179	0.2121
----------------------------
SQL DataBase:
0	0.09316809	0.39646809	0.49746809	0.101
1	0.186336179	0.489636179	0.590636179	0.101
2	0.279504269	0.83076809	0.93176809	0.101
3	0.372672359	0.923936179	1.024936179	0.101
4	0.465840449	1.26506809	1.36606809	0.101
5	0.559008538	1.470336179	1.571336179	0.101
6	0.652176628	1.81146809	1.91246809	0.101
7	0.745344718	1.904636179	2.005636179	0.101
8	0.838512808	2.24576809	2.34676809	0.101
9	0.931680897	2.338936179	2.439936179	0.101
----------------------------
Printer:
----------------------------
