Controller Server:
0	0.09316809	0.09316809	0.52746809	0.4343
1	0.186336179	0.186336179	0.620636179	0.4343
2	0.279504269	0.279504269	0.713804269	0.4343
3	0.372672359	0.372672359	0.806972359	0.4343
4	0.465840449	0.465840449	0.900140449	0.4343
0	0.09316809	0.52746809	0.63956809	0.1121
5	0.559008538	0.559008538	0.993308538	0.4343
1	0.186336179	0.620636179	0.732736179	0.1121
0	0.09316809	0.63956809	0.75166809	0.1121
6	0.652176628	0.713804269	1.148104269	0.4343
2	0.279504269	0.732736179	0.844836179	0.1121
1	0.186336179	0.75166809	0.86376809	0.1121
7	0.745344718	0.806972359	1.241272359	0.4343
3	0.372672359	0.844836179	0.956936179	0.1121
8	0.838512808	0.86376809	1.29806809	0.4343
2	0.279504269	0.900140449	1.012240449	0.1121
4	0.465840449	0.956936179	1.069036179	0.1121
9	0.931680897	0.993308538	1.427608538	0.4343
3	0.372672359	1.012240449	1.124340449	0.1121
5	0.559008538	1.069036179	1.181136179	0.1121
4	0.465840449	1.124340449	1.236440449	0.1121
6	0.652176628	1.148104269	1.260204269	0.1121
5	0.559008538	1.181136179	1.293236179	0.1121
7	0.745344718	1.241272359	1.353372359	0.1121
6	0.652176628	1.260204269	1.372304269	0.1121
8	0.838512808	1.29806809	1.41016809	0.1121
7	0.745344718	1.353372359	1.465472359	0.1121
8	0.838512808	1.41016809	1.52226809	0.1121
9	0.931680897	1.427608538	1.539708538	0.1121
9	0.931680897	1.539708538	1.651808538	0.1121
----------------------------
Service Server:
0	0.09316809	0.19426809	0.51746809	0.3232
1	0.186336179	0.287436179	0.610636179	0.3232
2	0.279504269	0.380604269	0.703804269	0.3232
3	0.372672359	0.473772359	0.796972359	0.3232
0	0.09316809	0.52856809	0.62956809	0.101
4	0.465840449	0.566940449	0.890140449	0.3232
1	0.186336179	0.621736179	0.722736179	0.101
0	0.09316809	0.64066809	0.74166809	0.101
5	0.559008538	0.660108538	0.983308538	0.3232
2	0.279504269	0.733836179	0.834836179	0.101
1	0.186336179	0.75276809	0.85376809	0.101
6	0.652176628	0.814904269	1.138104269	0.3232
3	0.372672359	0.845936179	0.946936179	0.101
2	0.279504269	0.901240449	1.002240449	0.101
7	0.745344718	0.908072359	1.231272359	0.3232
4	0.465840449	0.958036179	1.059036179	0.101
8	0.838512808	0.96486809	1.28806809	0.3232
3	0.372672359	1.013340449	1.114340449	0.101
5	0.559008538	1.070136179	1.171136179	0.101
9	0.931680897	1.094408538	1.417608538	0.3232
4	0.465840449	1.125440449	1.226440449	0.101
6	0.652176628	1.149204269	1.250204269	0.101
5	0.559008538	1.182236179	1.283236179	0.101
7	0.745344718	1.242372359	1.343372359	0.101
6	0.652176628	1.261304269	1.362304269	0.101
8	0.838512808	1.29916809	1.40016809	0.101
7	0.745344718	1.354472359	1.455472359	0.101
8	0.838512808	1.41126809	1.51226809	0.101
9	0.931680897	1.428708538	1.529708538	0.101
9	0.931680897	1.540808538	1.641808538	0.101
----------------------------
DAO Server:
0	0.09316809	0.29536809	0.50746809	0.2121
1	0.186336179	0.388536179	0.600636179	0.2121
2	0.279504269	0.481704269	0.693804269	0.2121
3	0.372672359	0.574872359	0.786972359	0.2121
4	0.465840449	0.668040449	0.880140449	0.2121
5	0.559008538	0.761208538	0.973308538	0.2121
6	0.652176628	0.916004269	1.128104269	0.2121
7	0.745344718	1.009172359	1.221272359	0.2121
8	0.838512808	1.06596809	1.27806809	0.2121
9	0.931680897	1.195508538	1.407608538	0.2121
----------------------------
SQL DataBase:
0	0.09316809	0.39646809	0.49746809	0.101
1	0.186336179	0.489636179	0.590636179	0.101
2	0.279504269	0.582804269	0.683804269	0.101
3	0.372672359	0.675972359	0.776972359	0.101
4	0.465840449	0.769140449	0.870140449	0.101
5	0.559008538	0.862308538	0.963308538	0.101
6	0.652176628	1.017104269	1.118104269	0.101
7	0.745344718	1.110272359	1.211272359	0.101
8	0.838512808	1.16706809	1.26806809	0.101
9	0.931680897	1.296608538	1.397608538	0.101
----------------------------
Printer:
----------------------------
