Controller Server:
0	0.09316809	0.09316809	0.52746809	0.4343
1	0.186336179	0.186336179	0.620636179	0.4343
2	0.279504269	0.279504269	0.713804269	0.4343
3	0.372672359	0.372672359	0.806972359	0.4343
4	0.465840449	0.465840449	0.943836179	0.47799573
0	0.09316809	0.52746809	0.63956809	0.1121
5	0.559008538	0.620636179	1.054936179	0.4343
1	0.186336179	0.63956809	0.75166809	0.1121
6	0.652176628	0.713804269	1.148104269	0.4343
2	0.279504269	0.75166809	0.86376809	0.1121
7	0.745344718	0.806972359	1.267036179	0.46006382
3	0.372672359	0.86376809	0.97586809	0.1121
8	0.838512808	0.943836179	1.378136179	0.4343
9	0.931680897	0.97586809	1.471304269	0.495436179
4	0.465840449	1.054936179	1.167036179	0.1121
5	0.559008538	1.148104269	1.268036179	0.11993191
6	0.652176628	1.167036179	1.369036179	0.202
7	0.745344718	1.267036179	1.469036179	0.202
8	0.838512808	1.378136179	1.490236179	0.1121
9	0.931680897	1.471304269	1.583404269	0.1121
----------------------------
Service Server:
0	0.09316809	0.19426809	0.51746809	0.3232
1	0.186336179	0.287436179	0.610636179	0.3232
2	0.279504269	0.380604269	0.703804269	0.3232
3	0.372672359	0.473772359	0.796972359	0.3232
0	0.09316809	0.52856809	0.62956809	0.101
0	0.09316809	0.52856809	0.62956809	0.101
4	0.465840449	0.610636179	0.933836179	0.3232
1	0.186336179	0.64066809	0.74166809	0.101
1	0.186336179	0.64066809	0.74166809	0.101
5	0.559008538	0.721736179	1.044936179	0.3232
2	0.279504269	0.75276809	0.85376809	0.101
2	0.279504269	0.75276809	0.85376809	0.101
6	0.652176628	0.814904269	1.138104269	0.3232
3	0.372672359	0.86486809	0.96586809	0.101
3	0.372672359	0.86486809	0.96586809	0.101
7	0.745344718	0.933836179	1.257036179	0.3232
8	0.838512808	1.044936179	1.368136179	0.3232
4	0.465840449	1.056036179	1.157036179	0.101
4	0.465840449	1.056036179	1.157036179	0.101
9	0.931680897	1.138104269	1.461304269	0.3232
5	0.559008538	1.157036179	1.258036179	0.101
5	0.559008538	1.157036179	1.258036179	0.101
6	0.652176628	1.257036179	1.358036179	0.101
6	0.652176628	1.258036179	1.359036179	0.101
7	0.745344718	1.268136179	1.369136179	0.101
7	0.745344718	1.358036179	1.459036179	0.101
8	0.838512808	1.379236179	1.480236179	0.101
8	0.838512808	1.379236179	1.480236179	0.101
9	0.931680897	1.472404269	1.573404269	0.101
9	0.931680897	1.472404269	1.573404269	0.101
----------------------------
DAO Server:
0	0.09316809	0.29536809	0.50746809	0.2121
1	0.186336179	0.388536179	0.600636179	0.2121
2	0.279504269	0.481704269	0.693804269	0.2121
3	0.372672359	0.574872359	0.786972359	0.2121
4	0.465840449	0.711736179	0.923836179	0.2121
5	0.559008538	0.822836179	1.034936179	0.2121
6	0.652176628	0.916004269	1.128104269	0.2121
7	0.745344718	1.034936179	1.247036179	0.2121
8	0.838512808	1.146036179	1.358136179	0.2121
9	0.931680897	1.239204269	1.451304269	0.2121
----------------------------
SQL DataBase:
0	0.09316809	0.39646809	0.49746809	0.101
1	0.186336179	0.489636179	0.590636179	0.101
2	0.279504269	0.582804269	0.683804269	0.101
3	0.372672359	0.675972359	0.776972359	0.101
4	0.465840449	0.812836179	0.913836179	0.101
5	0.559008538	0.923936179	1.024936179	0.101
6	0.652176628	1.017104269	1.118104269	0.101
7	0.745344718	1.136036179	1.237036179	0.101
8	0.838512808	1.247136179	1.348136179	0.101
9	0.931680897	1.340304269	1.441304269	0.101
----------------------------
Printer:
----------------------------
