Controller Server:
0	0.09316809	0.09316809	0.52746809	0.4343
1	0.186336179	0.186336179	0.620636179	0.4343
2	0.279504269	0.279504269	0.713804269	0.4343
3	0.372672359	0.372672359	0.806972359	0.4343
4	0.465840449	0.52746809	1.037004269	0.509536179
0	0.09316809	0.620636179	0.621636179	0.001
5	0.559008538	0.621636179	1.130172359	0.50853618
1	0.186336179	0.713804269	0.714804269	0.001
6	0.652176628	0.714804269	1.257936179	0.54313191
2	0.279504269	0.806972359	0.807972359	0.001
7	0.745344718	0.807972359	1.257936179	0.44996382
3	0.372672359	1.037004269	1.038004269	0.001
8	0.838512808	1.038004269	1.472304269	0.4343
9	0.931680897	1.130172359	1.564472359	0.4343
4	0.465840449	1.257936179	1.258936179	0.001
5	0.559008538	1.257936179	1.258936179	0.001
6	0.652176628	1.258936179	1.259936179	0.001
7	0.745344718	1.258936179	1.259936179	0.001
8	0.838512808	1.472304269	1.473304269	0.001
9	0.931680897	1.564472359	1.565472359	0.001
----------------------------
Service Server:
0	0.09316809	0.19426809	0.51746809	0.3232
1	0.186336179	0.287436179	0.610636179	0.3232
2	0.279504269	0.380604269	0.703804269	0.3232
3	0.372672359	0.473772359	0.796972359	0.3232
0	0.09316809	0.621736179	0.722736179	0.101
0	0.09316809	0.621736179	0.722736179	0.101
4	0.465840449	0.703804269	1.027004269	0.3232
1	0.186336179	0.722736179	0.823736179	0.101
1	0.186336179	0.722736179	0.823736179	0.101
5	0.559008538	0.796972359	1.120172359	0.3232
2	0.279504269	0.823736179	0.924736179	0.101
2	0.279504269	0.823736179	0.924736179	0.101
6	0.652176628	0.924736179	1.247936179	0.3232
7	0.745344718	0.924736179	1.247936179	0.3232
3	0.372672359	1.038104269	1.139104269	0.101
3	0.372672359	1.120172359	1.221172359	0.101
8	0.838512808	1.139104269	1.462304269	0.3232
9	0.931680897	1.231272359	1.554472359	0.3232
4	0.465840449	1.259036179	1.360036179	0.101
5	0.559008538	1.259036179	1.360036179	0.101
4	0.465840449	1.360036179	1.461036179	0.101
5	0.559008538	1.360036179	1.461036179	0.101
6	0.652176628	1.461036179	1.562036179	0.101
7	0.745344718	1.461036179	1.562036179	0.101
7	0.745344718	1.462304269	1.563304269	0.101
6	0.652176628	1.554472359	1.655472359	0.101
8	0.838512808	1.562036179	1.663036179	0.101
8	0.838512808	1.562036179	1.663036179	0.101
9	0.931680897	1.565572359	1.666572359	0.101
9	0.931680897	1.655472359	1.756472359	0.101
----------------------------
DAO Server:
0	0.09316809	0.29536809	0.50746809	0.2121
1	0.186336179	0.388536179	0.600636179	0.2121
2	0.279504269	0.481704269	0.693804269	0.2121
3	0.372672359	0.574872359	0.786972359	0.2121
4	0.465840449	0.804904269	1.017004269	0.2121
5	0.559008538	0.898072359	1.110172359	0.2121
6	0.652176628	1.025836179	1.237936179	0.2121
7	0.745344718	1.025836179	1.237936179	0.2121
8	0.838512808	1.240204269	1.452304269	0.2121
9	0.931680897	1.332372359	1.544472359	0.2121
----------------------------
SQL DataBase:
0	0.09316809	0.39646809	0.49746809	0.101
1	0.186336179	0.489636179	0.590636179	0.101
2	0.279504269	0.582804269	0.683804269	0.101
3	0.372672359	0.675972359	0.776972359	0.101
4	0.465840449	0.906004269	1.007004269	0.101
5	0.559008538	0.999172359	1.100172359	0.101
6	0.652176628	1.126936179	1.227936179	0.101
7	0.745344718	1.126936179	1.227936179	0.101
8	0.838512808	1.341304269	1.442304269	0.101
9	0.931680897	1.433472359	1.534472359	0.101
----------------------------
Printer:
----------------------------
