Controller Server:
0	0.09316809	0.09316809	0.52746809	0.4343
1	0.186336179	0.186336179	0.620636179	0.4343
2	0.279504269	0.279504269	0.713804269	0.4343
3	0.372672359	0.372672359	0.806972359	0.4343
4	0.465840449	0.52746809	0.96176809	0.4343
0	0.09316809	0.620636179	0.732736179	0.1121
5	0.559008538	0.713804269	1.148104269	0.4343
1	0.186336179	0.732736179	0.844836179	0.1121
6	0.652176628	0.806972359	1.241272359	0.4343
2	0.279504269	0.844836179	0.956936179	0.1121
0	0.09316809	0.956936179	1.069036179	0.1121
7	0.745344718	0.96176809	1.39606809	0.4343
3	0.372672359	1.069036179	1.181136179	0.1121
8	0.838512808	1.148104269	1.582404269	0.4343
1	0.186336179	1.181136179	1.293236179	0.1121
9	0.931680897	1.241272359	1.675572359	0.4343
2	0.279504269	1.293236179	1.405336179	0.1121
4	0.465840449	1.39606809	1.50816809	0.1121
5	0.559008538	1.405336179	1.517436179	0.1121
3	0.372672359	1.50816809	1.62026809	0.1121
6	0.652176628	1.517436179	1.629536179	0.1121
7	0.745344718	1.582404269	1.694504269	0.1121
4	0.465840449	1.62026809	1.73236809	0.1121
5	0.559008538	1.629536179	1.741636179	0.1121
8	0.838512808	1.675572359	1.787672359	0.1121
6	0.652176628	1.694504269	1.806604269	0.1121
9	0.931680897	1.73236809	1.84446809	0.1121
7	0.745344718	1.741636179	1.853736179	0.1121
8	0.838512808	1.787672359	1.899772359	0.1121
9	0.931680897	1.84446809	1.95656809	0.1121
----------------------------
Service Server:
0	0.09316809	0.19426809	0.51746809	0.3232
1	0.186336179	0.287436179	0.610636179	0.3232
2	0.279504269	0.380604269	0.703804269	0.3232
3	0.372672359	0.473772359	0.796972359	0.3232
0	0.09316809	0.621736179	0.722736179	0.101
4	0.465840449	0.62856809	0.95176809	0.3232
1	0.186336179	0.733836179	0.834836179	0.101
5	0.559008538	0.814904269	1.138104269	0.3232
2	0.279504269	0.845936179	0.946936179	0.101
6	0.652176628	0.908072359	1.231272359	0.3232
0	0.09316809	0.958036179	1.059036179	0.101
7	0.745344718	1.06286809	1.38606809	0.3232
3	0.372672359	1.070136179	1.171136179	0.101
1	0.186336179	1.182236179	1.283236179	0.101
8	0.838512808	1.249204269	1.572404269	0.3232
2	0.279504269	1.294336179	1.395336179	0.101
9	0.931680897	1.342372359	1.665572359	0.3232
4	0.465840449	1.39716809	1.49816809	0.101
5	0.559008538	1.406436179	1.507436179	0.101
3	0.372672359	1.50926809	1.61026809	0.101
6	0.652176628	1.518536179	1.619536179	0.101
7	0.745344718	1.583504269	1.684504269	0.101
4	0.465840449	1.62136809	1.72236809	0.101
5	0.559008538	1.630636179	1.731636179	0.101
8	0.838512808	1.676672359	1.777672359	0.101
6	0.652176628	1.695604269	1.796604269	0.101
9	0.931680897	1.73346809	1.83446809	0.101
7	0.745344718	1.742736179	1.843736179	0.101
8	0.838512808	1.788772359	1.889772359	0.101
9	0.931680897	1.84556809	1.94656809	0.101
----------------------------
DAO Server:
0	0.09316809	0.29536809	0.50746809	0.2121
1	0.186336179	0.388536179	0.600636179	0.2121
2	0.279504269	0.481704269	0.693804269	0.2121
3	0.372672359	0.574872359	0.786972359	0.2121
4	0.465840449	0.72966809	0.94176809	0.2121
5	0.559008538	0.916004269	1.128104269	0.2121
6	0.652176628	1.009172359	1.221272359	0.2121
7	0.745344718	1.16396809	1.37606809	0.2121
8	0.838512808	1.350304269	1.562404269	0.2121
9	0.931680897	1.443472359	1.655572359	0.2121
----------------------------
SQL DataBase:
0	0.09316809	0.39646809	0.49746809	0.101
1	0.186336179	0.489636179	0.590636179	0.101
2	0.279504269	0.582804269	0.683804269	0.101
3	0.372672359	0.675972359	0.776972359	0.101
4	0.465840449	0.83076809	0.93176809	0.101
5	0.559008538	1.017104269	1.118104269	0.101
6	0.652176628	1.110272359	1.211272359	0.101
7	0.745344718	1.26506809	1.36606809	0.101
8	0.838512808	1.451404269	1.552404269	0.101
9	0.931680897	1.544572359	1.645572359	0.101
----------------------------
Printer:
----------------------------
