Controller Server:
0	0.09316809	0.09316809	0.52746809	0.4343
1	0.186336179	0.186336179	0.620636179	0.4343
2	0.279504269	0.52746809	0.96176809	0.4343
3	0.372672359	0.620636179	1.054936179	0.4343
4	0.465840449	0.96176809	1.39606809	0.4343
0	0.09316809	1.054936179	1.055936179	0.001
5	0.559008538	1.055936179	1.490236179	0.4343
1	0.186336179	1.39606809	1.39706809	0.001
6	0.652176628	1.39706809	1.83136809	0.4343
7	0.745344718	1.490236179	1.924536179	0.4343
8	0.838512808	1.83136809	2.26566809	0.4343
9	0.931680897	1.924536179	2.358836179	0.4343
2	0.279504269	2.26566809	2.26666809	0.001
3	0.372672359	2.26666809	2.26766809	0.001
0	0.09316809	2.26766809	2.26866809	0.001
4	0.465840449	2.26866809	2.26966809	0.001
5	0.559008538	2.26966809	2.27066809	0.001
1	0.186336179	2.27066809	2.27166809	0.001
6	0.652176628	2.27166809	2.27266809	0.001
7	0.745344718	2.27266809	2.27366809	0.001
8	0.838512808	2.27366809	2.27466809	0.001
9	0.931680897	2.358836179	2.359836179	0.001
2	0.279504269	2.37776809	2.37876809	0.001
3	0.372672359	2.459836179	2.460836179	0.001
4	0.465840449	2.560836179	2.561836179	0.001
5	0.559008538	2.57976809	2.58076809	0.001
6	0.652176628	2.68076809	2.68176809	0.001
7	0.745344718	2.762836179	2.763836179	0.001
8	0.838512808	2.78176809	2.78276809	0.001
9	0.931680897	2.863836179	2.864836179	0.001
----------------------------
Service Server:
0	0.09316809	0.19426809	0.51746809	0.3232
1	0.186336179	0.287436179	0.610636179	0.3232
2	0.279504269	0.62856809	0.95176809	0.3232
3	0.372672359	0.721736179	1.044936179	0.3232
0	0.09316809	1.056036179	1.157036179	0.101
4	0.465840449	1.06286809	1.38606809	0.3232
5	0.559008538	1.157036179	1.480236179	0.3232
1	0.186336179	1.39716809	1.49816809	0.101
6	0.652176628	1.49816809	1.82136809	0.3232
7	0.745344718	1.591336179	1.914536179	0.3232
8	0.838512808	1.93246809	2.25566809	0.3232
9	0.931680897	2.025636179	2.348836179	0.3232
2	0.279504269	2.26676809	2.36776809	0.101
3	0.372672359	2.348836179	2.449836179	0.101
0	0.09316809	2.36776809	2.46876809	0.101
4	0.465840449	2.449836179	2.550836179	0.101
5	0.559008538	2.46876809	2.56976809	0.101
1	0.186336179	2.550836179	2.651836179	0.101
6	0.652176628	2.56976809	2.67076809	0.101
7	0.745344718	2.651836179	2.752836179	0.101
8	0.838512808	2.67076809	2.77176809	0.101
9	0.931680897	2.752836179	2.853836179	0.101
2	0.279504269	2.77176809	2.87276809	0.101
3	0.372672359	2.853836179	2.954836179	0.101
4	0.465840449	2.87276809	2.97376809	0.101
5	0.559008538	2.954836179	3.055836179	0.101
6	0.652176628	2.97376809	3.07476809	0.101
7	0.745344718	3.055836179	3.156836179	0.101
8	0.838512808	3.07476809	3.17576809	0.101
9	0.931680897	3.156836179	3.257836179	0.101
----------------------------
DAO Server:
0	0.09316809	0.29536809	0.50746809	0.2121
1	0.186336179	0.388536179	0.600636179	0.2121
2	0.279504269	0.72966809	0.94176809	0.2121
3	0.372672359	0.822836179	1.034936179	0.2121
4	0.465840449	1.16396809	1.37606809	0.2121
5	0.559008538	1.258136179	1.470236179	0.2121
6	0.652176628	1.59926809	1.81136809	0.2121
7	0.745344718	1.692436179	1.904536179	0.2121
8	0.838512808	2.03356809	2.24566809	0.2121
9	0.931680897	2.126736179	2.338836179	0.2121
----------------------------
SQL DataBase:
0	0.09316809	0.39646809	0.49746809	0.101
1	0.186336179	0.489636179	0.590636179	0.101
2	0.279504269	0.83076809	0.93176809	0.101
3	0.372672359	0.923936179	1.024936179	0.101
4	0.465840449	1.26506809	1.36606809	0.101
5	0.559008538	1.359236179	1.460236179	0.101
6	0.652176628	1.70036809	1.80136809	0.101
7	0.745344718	1.793536179	1.894536179	0.101
8	0.838512808	2.13466809	2.23566809	0.101
9	0.931680897	2.227836179	2.328836179	0.101
----------------------------
Printer:
----------------------------
