Controller Server:
0	0.09316809	0.09316809	0.52746809	0.4343
1	0.186336179	0.186336179	0.620636179	0.4343
2	0.279504269	0.279504269	0.713804269	0.4343
3	0.372672359	0.372672359	0.806972359	0.4343
4	0.465840449	0.465840449	0.900140449	0.4343
0	0.09316809	0.52746809	0.52846809	0.001
5	0.559008538	0.559008538	0.993308538	0.4343
1	0.186336179	0.620636179	0.621636179	0.001
6	0.652176628	0.652176628	1.086476628	0.4343
2	0.279504269	0.713804269	0.714804269	0.001
7	0.745344718	0.745344718	1.179644718	0.4343
3	0.372672359	0.806972359	0.807972359	0.001
8	0.838512808	0.838512808	1.272812808	0.4343
4	0.465840449	0.900140449	0.901140449	0.001
9	0.931680897	0.931680897	1.365980897	0.4343
5	0.559008538	0.993308538	0.994308538	0.001
6	0.652176628	1.086476628	1.087476628	0.001
7	0.745344718	1.179644718	1.180644718	0.001
8	0.838512808	1.272812808	1.273812808	0.001
9	0.931680897	1.365980897	1.366980897	0.001
----------------------------
Service Server:
0	0.09316809	0.19426809	0.51746809	0.3232
1	0.186336179	0.287436179	0.610636179	0.3232
2	0.279504269	0.380604269	0.703804269	0.3232
3	0.372672359	0.473772359	0.796972359	0.3232
0	0.09316809	0.52856809	0.62956809	0.101
0	0.09316809	0.52856809	0.62956809	0.101
4	0.465840449	0.566940449	0.890140449	0.3232
1	0.186336179	0.621736179	0.722736179	0.101
1	0.186336179	0.62956809	0.73056809	0.101
5	0.559008538	0.660108538	0.983308538	0.3232
2	0.279504269	0.714904269	0.815904269	0.101
2	0.279504269	0.722736179	0.823736179	0.101
6	0.652176628	0.753276628	1.076476628	0.3232
3	0.372672359	0.808072359	0.909072359	0.101
3	0.372672359	0.815904269	0.916904269	0.101
7	0.745344718	0.846444718	1.169644718	0.3232
4	0.465840449	0.901240449	1.002240449	0.101
4	0.465840449	0.909072359	1.010072359	0.101
8	0.838512808	0.939612808	1.262812808	0.3232
5	0.559008538	0.994408538	1.095408538	0.101
5	0.559008538	1.002240449	1.103240449	0.101
9	0.931680897	1.032780897	1.355980897	0.3232
6	0.652176628	1.087576628	1.188576628	0.101
6	0.652176628	1.095408538	1.196408538	0.101
7	0.745344718	1.180744718	1.281744718	0.101
7	0.745344718	1.180744718	1.281744718	0.101
8	0.838512808	1.273912808	1.374912808	0.101
8	0.838512808	1.273912808	1.374912808	0.101
9	0.931680897	1.367080897	1.468080897	0.101
9	0.931680897	1.367080897	1.468080897	0.101
----------------------------
DAO Server:
0	0.09316809	0.29536809	0.50746809	0.2121
1	0.186336179	0.388536179	0.600636179	0.2121
2	0.279504269	0.481704269	0.693804269	0.2121
3	0.372672359	0.574872359	0.786972359	0.2121
4	0.465840449	0.668040449	0.880140449	0.2121
5	0.559008538	0.761208538	0.973308538	0.2121
6	0.652176628	0.854376628	1.066476628	0.2121
7	0.745344718	0.947544718	1.159644718	0.2121
8	0.838512808	1.040712808	1.252812808	0.2121
9	0.931680897	1.133880897	1.345980897	0.2121
----------------------------
SQL DataBase:
0	0.09316809	0.39646809	0.49746809	0.101
1	0.186336179	0.489636179	0.590636179	0.101
2	0.279504269	0.582804269	0.683804269	0.101
3	0.372672359	0.675972359	0.776972359	0.101
4	0.465840449	0.769140449	0.870140449	0.101
5	0.559008538	0.862308538	0.963308538	0.101
6	0.652176628	0.955476628	1.056476628	0.101
7	0.745344718	1.048644718	1.149644718	0.101
8	0.838512808	1.141812808	1.242812808	0.101
9	0.931680897	1.234980897	1.335980897	0.101
----------------------------
Printer:
----------------------------
