Controller Server:
0	0.09316809	0.09316809	0.52746809	0.4343
1	0.186336179	0.186336179	0.620636179	0.4343
2	0.279504269	0.279504269	0.713804269	0.4343
3	0.372672359	0.372672359	0.806972359	0.4343
4	0.465840449	0.465840449	0.900140449	0.4343
0	0.09316809	0.52746809	0.52846809	0.001
5	0.559008538	0.559008538	1.037004269	0.477995731
1	0.186336179	0.620636179	0.621636179	0.001
0	0.09316809	0.63956809	0.64056809	0.001
6	0.652176628	0.652176628	1.130172359	0.477995731
2	0.279504269	0.713804269	0.714804269	0.001
1	0.186336179	0.732736179	0.733736179	0.001
7	0.745344718	0.745344718	1.223340449	0.477995731
3	0.372672359	0.806972359	0.807972359	0.001
2	0.279504269	0.833736179	0.834736179	0.001
8	0.838512808	0.838512808	1.27686809	0.438355282
4	0.465840449	0.900140449	0.901140449	0.001
9	0.931680897	0.931680897	1.365980897	0.4343
3	0.372672359	1.037004269	1.038004269	0.001
4	0.465840449	1.038004269	1.039004269	0.001
5	0.559008538	1.039004269	1.040004269	0.001
6	0.652176628	1.130172359	1.131172359	0.001
7	0.745344718	1.223340449	1.224340449	0.001
5	0.559008538	1.250104269	1.251104269	0.001
8	0.838512808	1.27686809	1.27786809	0.001
6	0.652176628	1.324340449	1.325340449	0.001
7	0.745344718	1.335440449	1.336440449	0.001
9	0.931680897	1.365980897	1.366980897	0.001
8	0.838512808	1.38896809	1.38996809	0.001
9	0.931680897	1.478080897	1.479080897	0.001
----------------------------
Service Server:
0	0.09316809	0.19426809	0.51746809	0.3232
1	0.186336179	0.287436179	0.610636179	0.3232
2	0.279504269	0.380604269	0.703804269	0.3232
3	0.372672359	0.473772359	0.796972359	0.3232
0	0.09316809	0.52856809	0.62956809	0.101
4	0.465840449	0.566940449	0.890140449	0.3232
1	0.186336179	0.621736179	0.722736179	0.101
0	0.09316809	0.64066809	0.74166809	0.101
5	0.559008538	0.703804269	1.027004269	0.3232
2	0.279504269	0.722736179	0.823736179	0.101
1	0.186336179	0.74166809	0.84266809	0.101
6	0.652176628	0.796972359	1.120172359	0.3232
3	0.372672359	0.823736179	0.924736179	0.101
2	0.279504269	0.84266809	0.94366809	0.101
7	0.745344718	0.890140449	1.213340449	0.3232
4	0.465840449	0.924736179	1.025736179	0.101
8	0.838512808	0.94366809	1.26686809	0.3232
9	0.931680897	1.032780897	1.355980897	0.3232
3	0.372672359	1.038104269	1.139104269	0.101
4	0.465840449	1.120172359	1.221172359	0.101
5	0.559008538	1.139104269	1.240104269	0.101
6	0.652176628	1.213340449	1.314340449	0.101
7	0.745344718	1.224440449	1.325440449	0.101
5	0.559008538	1.251204269	1.352204269	0.101
8	0.838512808	1.27796809	1.37896809	0.101
6	0.652176628	1.325440449	1.426440449	0.101
7	0.745344718	1.336540449	1.437540449	0.101
9	0.931680897	1.367080897	1.468080897	0.101
8	0.838512808	1.39006809	1.49106809	0.101
9	0.931680897	1.479180897	1.580180897	0.101
----------------------------
DAO Server:
0	0.09316809	0.29536809	0.50746809	0.2121
1	0.186336179	0.388536179	0.600636179	0.2121
2	0.279504269	0.481704269	0.693804269	0.2121
3	0.372672359	0.574872359	0.786972359	0.2121
4	0.465840449	0.668040449	0.880140449	0.2121
5	0.559008538	0.804904269	1.017004269	0.2121
6	0.652176628	0.898072359	1.110172359	0.2121
7	0.745344718	0.991240449	1.203340449	0.2121
8	0.838512808	1.04476809	1.25686809	0.2121
9	0.931680897	1.133880897	1.345980897	0.2121
----------------------------
SQL DataBase:
0	0.09316809	0.39646809	0.49746809	0.101
1	0.186336179	0.489636179	0.590636179	0.101
2	0.279504269	0.582804269	0.683804269	0.101
3	0.372672359	0.675972359	0.776972359	0.101
4	0.465840449	0.769140449	0.870140449	0.101
5	0.559008538	0.906004269	1.007004269	0.101
6	0.652176628	0.999172359	1.100172359	0.101
7	0.745344718	1.092340449	1.193340449	0.101
8	0.838512808	1.14586809	1.24686809	0.101
9	0.931680897	1.234980897	1.335980897	0.101
----------------------------
Printer:
----------------------------
